Outcome: lose
Spanning Area: 22
Rows: 16, Cols: 30, Mines: 99
Clicked Mine: (4, 5)
Last Move Prob: 0.07927764425401389
Last Move Entropy: 0.07927764425401389
Game Seed: 1632629719

0,0,0,1,0,0,-1.0000
0,1,0,1,0,1,-1.0000
0,2,0,1,0,1,-1.0000
0,3,0,1,0,2,-1.0000
0,4,0,1,0,2,-1.0000
0,5,1,0,0,0,1.0000
0,6,1,0,0,2,0.9860
0,7,0,0,0,3,0.2013
0,8,1,0,0,0,0.2013
0,9,0,0,0,1,0.2013
0,10,0,0,0,0,0.2013
0,11,0,0,0,0,0.2013
0,12,0,0,0,0,0.2013
0,13,0,0,0,0,0.2013
0,14,0,0,0,0,0.2013
0,15,0,0,0,0,0.2013
0,16,0,0,0,0,0.2013
0,17,0,0,0,0,0.2013
0,18,0,0,0,0,0.2013
0,19,0,0,0,0,0.2013
0,20,0,0,0,0,0.2013
0,21,0,0,0,0,0.2013
0,22,0,0,0,0,0.2013
0,23,0,0,0,0,0.2013
0,24,0,0,0,0,0.2013
0,25,0,0,0,0,0.2013
0,26,0,0,0,0,0.2013
0,27,0,0,0,0,0.2013
0,28,0,0,0,0,0.2013
0,29,0,0,0,0,0.2013
1,0,0,1,0,1,-1.0000
1,1,0,1,0,2,-1.0000
1,2,1,0,0,0,1.0000
1,3,0,1,0,2,-1.0000
1,4,1,0,0,1,1.0000
1,5,0,1,0,4,-1.0000
1,6,1,0,0,1,0.6334
1,7,0,0,0,4,0.2013
1,8,0,0,0,2,0.2013
1,9,0,0,0,3,0.2013
1,10,0,0,0,1,0.2013
1,11,0,0,0,2,0.2013
1,12,0,0,0,1,0.2013
1,13,0,0,0,1,0.2013
1,14,0,0,0,0,0.2013
1,15,0,0,0,0,0.2013
1,16,0,0,0,0,0.2013
1,17,0,0,0,0,0.2013
1,18,0,0,0,0,0.2013
1,19,0,0,0,0,0.2013
1,20,0,0,0,0,0.2013
1,21,0,0,0,0,0.2013
1,22,0,0,0,0,0.2013
1,23,0,0,0,0,0.2013
1,24,0,0,0,0,0.2013
1,25,0,0,0,0,0.2013
1,26,0,0,0,0,0.2013
1,27,0,0,0,1,0.2013
1,28,0,0,0,1,0.2013
1,29,0,0,0,1,0.2013
2,0,1,0,0,0,1.0000
2,1,0,1,0,2,-1.0000
2,2,0,1,0,1,-1.0000
2,3,0,1,0,3,-1.0000
2,4,0,1,0,2,-1.0000
2,5,0,1,0,3,-1.0000
2,6,0,0,0,1,0.3712
2,7,0,0,0,2,0.1563
2,8,1,0,0,0,0.2013
2,9,0,0,0,2,0.2013
2,10,1,0,0,0,0.2013
2,11,0,0,0,2,0.2013
2,12,1,0,0,0,0.2013
2,13,0,0,0,1,0.2013
2,14,0,0,0,0,0.2013
2,15,0,0,0,0,0.2013
2,16,0,0,0,0,0.2013
2,17,0,0,0,1,0.2013
2,18,0,0,0,1,0.2013
2,19,0,0,0,1,0.2013
2,20,0,0,0,0,0.2013
2,21,0,0,0,1,0.2013
2,22,0,0,0,1,0.2013
2,23,0,0,0,1,0.2013
2,24,0,0,0,0,0.2013
2,25,0,0,0,0,0.2013
2,26,0,0,0,1,0.2013
2,27,0,0,0,2,0.2013
2,28,1,0,0,1,0.2013
2,29,0,0,0,1,0.2013
3,0,0,1,0,2,-1.0000
3,1,0,1,0,2,-1.0000
3,2,0,1,0,1,-1.0000
3,3,0,1,0,2,-1.0000
3,4,1,0,0,2,1.0000
3,5,0,1,0,2,-1.0000
3,6,0,1,0,1,-1.0000
3,7,0,0,0,1,0.1563
3,8,0,0,0,2,0.2013
3,9,0,0,0,3,0.2013
3,10,0,0,0,2,0.2013
3,11,0,0,0,3,0.2013
3,12,0,0,0,2,0.2013
3,13,0,0,0,2,0.2013
3,14,0,0,0,0,0.2013
3,15,0,0,0,0,0.2013
3,16,0,0,0,0,0.2013
3,17,0,0,0,1,0.2013
3,18,1,0,0,0,0.2013
3,19,0,0,0,2,0.2013
3,20,0,0,0,1,0.2013
3,21,0,0,0,2,0.2013
3,22,1,0,0,0,0.2013
3,23,0,0,0,1,0.2013
3,24,0,0,0,0,0.2013
3,25,0,0,0,0,0.2013
3,26,0,0,0,1,0.2013
3,27,1,0,0,0,0.2013
3,28,0,0,0,2,0.2013
3,29,0,0,0,1,0.2013
4,0,1,0,0,1,0.5569
4,1,0,0,0,2,0.4479
4,2,0,1,0,2,-1.0000
4,3,1,0,0,0,0.5446
4,4,0,0,0,3,0.4626
4,5,1,0,0,0,0.0793
4,6,0,0,0,1,0.0793
4,7,0,0,0,1,0.1563
4,8,0,0,0,2,0.2013
4,9,1,0,0,0,0.2013
4,10,0,0,0,2,0.2013
4,11,0,0,0,2,0.2013
4,12,1,0,0,0,0.2013
4,13,0,0,0,1,0.2013
4,14,0,0,0,0,0.2013
4,15,0,0,0,1,0.2013
4,16,0,0,0,2,0.2013
4,17,0,0,0,4,0.2013
4,18,0,0,0,3,0.2013
4,19,0,0,0,3,0.2013
4,20,1,0,0,0,0.2013
4,21,0,0,0,2,0.2013
4,22,0,0,0,2,0.2013
4,23,0,0,0,2,0.2013
4,24,0,0,0,2,0.2013
4,25,0,0,0,1,0.2013
4,26,0,0,0,2,0.2013
4,27,0,0,0,2,0.2013
4,28,0,0,0,2,0.2013
4,29,0,0,0,1,0.2013
5,0,0,0,0,3,0.2013
5,1,1,0,0,1,0.3359
5,2,0,0,0,3,0.3359
5,3,0,0,0,1,0.3359
5,4,0,0,0,2,0.2013
5,5,0,0,0,1,0.2013
5,6,0,0,0,2,0.2013
5,7,0,0,0,2,0.2013
5,8,1,0,0,1,0.2013
5,9,0,0,0,2,0.2013
5,10,0,0,0,2,0.2013
5,11,1,0,0,1,0.2013
5,12,0,0,0,3,0.2013
5,13,0,0,0,2,0.2013
5,14,0,0,0,1,0.2013
5,15,0,0,0,1,0.2013
5,16,1,0,0,2,0.2013
5,17,1,0,0,1,0.2013
5,18,1,0,0,3,0.2013
5,19,0,0,0,3,0.2013
5,20,0,0,0,1,0.2013
5,21,0,0,0,1,0.2013
5,22,0,0,0,1,0.2013
5,23,1,0,0,0,0.2013
5,24,0,0,0,2,0.2013
5,25,1,0,0,0,0.2013
5,26,0,0,0,1,0.2013
5,27,0,0,0,1,0.2013
5,28,1,0,0,0,0.2013
5,29,0,0,0,1,0.2013
6,0,0,0,0,3,0.2013
6,1,1,0,0,0,0.2013
6,2,0,0,0,4,0.2013
6,3,0,0,0,1,0.2013
6,4,0,0,0,1,0.2013
6,5,0,0,0,0,0.2013
6,6,0,0,0,1,0.2013
6,7,1,0,0,2,0.2013
6,8,0,0,0,3,0.2013
6,9,0,0,0,2,0.2013
6,10,0,0,0,1,0.2013
6,11,0,0,0,1,0.2013
6,12,0,0,0,2,0.2013
6,13,1,0,0,0,0.2013
6,14,0,0,0,1,0.2013
6,15,0,0,0,1,0.2013
6,16,0,0,0,3,0.2013
6,17,1,0,0,2,0.2013
6,18,1,0,0,0,0.2013
6,19,0,0,0,2,0.2013
6,20,0,0,0,0,0.2013
6,21,0,0,0,0,0.2013
6,22,0,0,0,2,0.2013
6,23,0,0,0,2,0.2013
6,24,0,0,0,3,0.2013
6,25,0,0,0,1,0.2013
6,26,0,0,0,1,0.2013
6,27,0,0,0,1,0.2013
6,28,0,0,0,1,0.2013
6,29,0,0,0,1,0.2013
7,0,0,0,0,3,0.2013
7,1,1,0,0,2,0.2013
7,2,0,0,0,5,0.2013
7,3,1,0,0,0,0.2013
7,4,0,0,0,2,0.2013
7,5,0,0,0,0,0.2013
7,6,0,0,0,1,0.2013
7,7,0,0,0,2,0.2013
7,8,1,0,0,0,0.2013
7,9,0,0,0,2,0.2013
7,10,0,0,0,2,0.2013
7,11,0,0,0,1,0.2013
7,12,0,0,0,2,0.2013
7,13,0,0,0,1,0.2013
7,14,0,0,0,2,0.2013
7,15,0,0,0,1,0.2013
7,16,0,0,0,3,0.2013
7,17,0,0,0,3,0.2013
7,18,0,0,0,4,0.2013
7,19,0,0,0,2,0.2013
7,20,0,0,0,1,0.2013
7,21,0,0,0,0,0.2013
7,22,0,0,0,1,0.2013
7,23,1,0,0,0,0.2013
7,24,0,0,0,1,0.2013
7,25,0,0,0,0,0.2013
7,26,0,0,0,0,0.2013
7,27,0,0,0,0,0.2013
7,28,0,0,0,1,0.2013
7,29,0,0,0,1,0.2013
8,0,0,0,0,3,0.2013
8,1,1,0,0,0,0.2013
8,2,0,0,0,4,0.2013
8,3,1,0,0,1,0.2013
8,4,0,0,0,3,0.2013
8,5,0,0,0,1,0.2013
8,6,0,0,0,0,0.2013
8,7,0,0,0,1,0.2013
8,8,0,0,0,2,0.2013
8,9,1,0,0,1,0.2013
8,10,0,0,0,2,0.2013
8,11,1,0,0,0,0.2013
8,12,0,0,0,1,0.2013
8,13,0,0,0,1,0.2013
8,14,0,0,0,2,0.2013
8,15,1,0,0,1,0.2013
8,16,0,0,0,2,0.2013
8,17,1,0,0,0,0.2013
8,18,0,0,0,2,0.2013
8,19,1,0,0,0,0.2013
8,20,0,0,0,1,0.2013
8,21,0,0,0,0,0.2013
8,22,0,0,0,1,0.2013
8,23,0,0,0,1,0.2013
8,24,0,0,0,1,0.2013
8,25,0,0,0,1,0.2013
8,26,0,0,0,1,0.2013
8,27,0,0,0,1,0.2013
8,28,0,0,0,1,0.2013
8,29,1,0,0,0,0.2013
9,0,1,0,0,2,0.2013
9,1,0,0,0,4,0.2013
9,2,0,0,0,4,0.2013
9,3,0,0,0,3,0.2013
9,4,1,0,0,1,0.2013
9,5,0,0,0,1,0.2013
9,6,0,0,0,1,0.2013
9,7,0,0,0,2,0.2013
9,8,0,0,0,4,0.2013
9,9,0,0,0,3,0.2013
9,10,0,0,0,3,0.2013
9,11,0,0,0,1,0.2013
9,12,0,0,0,2,0.2013
9,13,0,0,0,3,0.2013
9,14,1,0,0,2,0.2013
9,15,0,0,0,3,0.2013
9,16,0,0,0,2,0.2013
9,17,0,0,0,2,0.2013
9,18,0,0,0,3,0.2013
9,19,0,0,0,3,0.2013
9,20,0,0,0,2,0.2013
9,21,0,0,0,1,0.2013
9,22,0,0,0,0,0.2013
9,23,0,0,0,0,0.2013
9,24,0,0,0,0,0.2013
9,25,0,0,0,1,0.2013
9,26,1,0,0,0,0.2013
9,27,0,0,0,1,0.2013
9,28,0,0,0,1,0.2013
9,29,0,0,0,1,0.2013
10,0,0,0,0,2,0.2013
10,1,1,0,0,2,0.2013
10,2,1,0,0,1,0.2013
10,3,0,0,0,3,0.2013
10,4,0,0,0,1,0.2013
10,5,0,0,0,2,0.2013
10,6,0,0,0,3,0.2013
10,7,1,0,0,3,0.2013
10,8,1,0,0,0,0.2013
10,9,1,0,0,1,0.2013
10,10,0,0,0,2,0.2013
10,11,0,0,0,0,0.2013
10,12,0,0,0,1,0.2013
10,13,1,0,0,1,0.2013
10,14,1,0,0,0,0.2013
10,15,0,0,0,4,0.2013
10,16,0,0,0,3,0.2013
10,17,0,0,0,3,0.2013
10,18,1,0,0,0,0.2013
10,19,0,0,0,2,0.2013
10,20,1,0,0,0,0.2013
10,21,0,0,0,1,0.2013
10,22,0,0,0,0,0.2013
10,23,0,0,0,1,0.2013
10,24,0,0,0,1,0.2013
10,25,0,0,0,2,0.2013
10,26,0,0,0,1,0.2013
10,27,0,0,0,1,0.2013
10,28,0,0,0,0,0.2013
10,29,0,0,0,0,0.2013
11,0,0,0,0,2,0.2013
11,1,0,0,0,5,0.2013
11,2,1,0,0,0,0.2013
11,3,0,0,0,3,0.2013
11,4,0,0,0,0,0.2013
11,5,0,0,0,2,0.2013
11,6,1,0,0,0,0.2013
11,7,1,0,0,5,0.2013
11,8,0,0,0,7,0.2013
11,9,1,0,0,4,0.2013
11,10,0,0,0,3,0.2013
11,11,0,0,0,1,0.2013
11,12,0,0,0,1,0.2013
11,13,0,0,0,2,0.2013
11,14,0,0,0,4,0.2013
11,15,1,0,0,4,0.2013
11,16,1,0,0,1,0.2013
11,17,1,0,0,1,0.2013
11,18,0,0,0,3,0.2013
11,19,0,0,0,4,0.2013
11,20,0,0,0,3,0.2013
11,21,0,0,0,2,0.2013
11,22,0,0,0,0,0.2013
11,23,0,0,0,1,0.2013
11,24,1,0,0,0,0.2013
11,25,0,0,0,1,0.2013
11,26,0,0,0,0,0.2013
11,27,0,0,0,0,0.2013
11,28,0,0,0,0,0.2013
11,29,0,0,0,0,0.2013
12,0,0,0,0,1,0.2013
12,1,1,0,0,1,0.2013
12,2,1,0,0,2,0.2013
12,3,0,0,0,3,0.2013
12,4,0,0,0,1,0.2013
12,5,0,0,0,3,0.2013
12,6,1,0,0,3,0.2013
12,7,1,0,0,2,0.2013
12,8,1,0,0,0,0.2013
12,9,0,0,0,4,0.2013
12,10,1,0,0,0,0.2013
12,11,0,0,0,1,0.2013
12,12,0,0,0,0,0.2013
12,13,0,0,0,0,0.2013
12,14,0,0,0,2,0.2013
12,15,1,0,0,3,0.2013
12,16,1,0,0,2,0.2013
12,17,0,0,0,5,0.2013
12,18,0,0,0,3,0.2013
12,19,1,0,0,1,0.2013
12,20,1,0,0,1,0.2013
12,21,0,0,0,1,0.2013
12,22,0,0,0,0,0.2013
12,23,0,0,0,2,0.2013
12,24,0,0,0,2,0.2013
12,25,0,0,0,2,0.2013
12,26,0,0,0,0,0.2013
12,27,0,0,0,0,0.2013
12,28,0,0,0,1,0.2013
12,29,0,0,0,1,0.2013
13,0,0,0,0,2,0.2013
13,1,0,0,0,3,0.2013
13,2,0,0,0,3,0.2013
13,3,0,0,0,2,0.2013
13,4,1,0,0,0,0.2013
13,5,0,0,0,2,0.2013
13,6,0,0,0,3,0.2013
13,7,1,0,0,2,0.2013
13,8,1,0,0,3,0.2013
13,9,0,0,0,3,0.2013
13,10,0,0,0,1,0.2013
13,11,0,0,0,1,0.2013
13,12,0,0,0,1,0.2013
13,13,0,0,0,2,0.2013
13,14,0,0,0,3,0.2013
13,15,0,0,0,4,0.2013
13,16,1,0,0,1,0.2013
13,17,0,0,0,3,0.2013
13,18,1,0,0,0,0.2013
13,19,0,0,0,3,0.2013
13,20,0,0,0,2,0.2013
13,21,0,0,0,1,0.2013
13,22,0,0,0,0,0.2013
13,23,0,0,0,2,0.2013
13,24,1,0,0,0,0.2013
13,25,0,0,0,3,0.2013
13,26,0,0,0,1,0.2013
13,27,0,0,0,0,0.2013
13,28,0,0,0,1,0.2013
13,29,1,0,0,0,0.2013
14,0,0,0,0,1,0.2013
14,1,1,0,0,1,0.2013
14,2,0,0,0,2,0.2013
14,3,0,0,0,3,0.2013
14,4,0,0,0,3,0.2013
14,5,0,0,0,3,0.2013
14,6,0,0,0,3,0.2013
14,7,0,0,0,4,0.2013
14,8,0,0,0,4,0.2013
14,9,0,0,0,2,0.2013
14,10,0,0,0,0,0.2013
14,11,0,0,0,0,0.2013
14,12,0,0,0,2,0.2013
14,13,1,0,0,2,0.2013
14,14,1,0,0,0,0.2013
14,15,0,0,0,2,0.2013
14,16,0,0,0,2,0.2013
14,17,0,0,0,4,0.2013
14,18,0,0,0,3,0.2013
14,19,0,0,0,2,0.2013
14,20,0,0,0,0,0.2013
14,21,0,0,0,0,0.2013
14,22,0,0,0,0,0.2013
14,23,0,0,0,2,0.2013
14,24,1,0,0,2,0.2013
14,25,1,0,0,1,0.2013
14,26,0,0,0,2,0.2013
14,27,0,0,0,1,0.2013
14,28,0,0,0,2,0.2013
14,29,0,0,0,1,0.2013
15,0,0,0,0,1,0.2013
15,1,0,0,0,2,0.2013
15,2,1,0,0,0,0.2013
15,3,0,0,0,2,0.2013
15,4,1,0,0,0,0.2013
15,5,1,0,0,1,0.2013
15,6,0,0,0,2,0.2013
15,7,1,0,0,0,0.2013
15,8,1,0,0,1,0.2013
15,9,0,0,0,1,0.2013
15,10,0,0,0,0,0.2013
15,11,0,0,0,0,0.2013
15,12,0,0,0,2,0.2013
15,13,1,0,0,1,0.2013
15,14,0,0,0,3,0.2013
15,15,0,0,0,1,0.2013
15,16,0,0,0,1,0.2013
15,17,1,0,0,1,0.2013
15,18,1,0,0,0,0.2013
15,19,0,0,0,1,0.2013
15,20,0,0,0,0,0.2013
15,21,0,0,0,0,0.2013
15,22,0,0,0,0,0.2013
15,23,0,0,0,1,0.2013
15,24,0,0,0,2,0.2013
15,25,0,0,0,2,0.2013
15,26,0,0,0,2,0.2013
15,27,1,0,0,0,0.2013
15,28,0,0,0,1,0.2013
15,29,0,0,0,0,0.2013
