Outcome: lose
Spanning Area: 110
Rows: 16, Cols: 30, Mines: 99
Clicked Mine: (11, 6)
Last Move Prob: 0.13311599002178554
Last Move Entropy: 0.13311599002178554
Game Seed: 1051454923

0,0,0,1,0,0,-1.0000
0,1,0,1,0,0,-1.0000
0,2,0,1,0,1,-1.0000
0,3,1,0,0,0,1.0000
0,4,0,1,0,2,-1.0000
0,5,0,1,0,1,-1.0000
0,6,0,1,0,1,-1.0000
0,7,0,1,0,1,-1.0000
0,8,1,0,0,1,1.0000
0,9,1,0,0,0,1.0000
0,10,0,1,0,2,-1.0000
0,11,1,0,0,0,1.0000
0,12,0,1,0,2,-1.0000
0,13,1,0,0,0,1.0000
0,14,0,1,0,2,-1.0000
0,15,1,0,0,0,1.0000
0,16,1,0,0,3,0.6759
0,17,1,0,0,0,0.1946
0,18,0,0,0,2,0.1946
0,19,1,0,0,0,0.1946
0,20,0,0,0,1,0.1946
0,21,0,0,0,0,0.1946
0,22,0,0,0,0,0.1946
0,23,0,0,0,1,0.1946
0,24,0,0,0,1,0.1946
0,25,0,0,0,1,0.1946
0,26,0,0,0,0,0.1946
0,27,0,0,0,0,0.1946
0,28,0,0,0,0,0.1946
0,29,0,0,0,0,0.1946
1,0,0,1,0,1,-1.0000
1,1,0,1,0,2,-1.0000
1,2,0,1,0,3,-1.0000
1,3,0,1,0,2,-1.0000
1,4,0,1,0,2,-1.0000
1,5,1,0,0,0,1.0000
1,6,0,1,0,1,-1.0000
1,7,0,1,0,1,-1.0000
1,8,0,1,0,3,-1.0000
1,9,0,1,0,3,-1.0000
1,10,0,1,0,3,-1.0000
1,11,0,1,0,1,-1.0000
1,12,0,1,0,2,-1.0000
1,13,0,1,0,1,-1.0000
1,14,0,1,0,3,-1.0000
1,15,0,1,0,4,-1.0000
1,16,1,0,0,3,0.6759
1,17,0,0,0,4,0.1946
1,18,0,0,0,3,0.1946
1,19,0,0,0,2,0.1946
1,20,0,0,0,1,0.1946
1,21,0,0,0,0,0.1946
1,22,0,0,0,0,0.1946
1,23,0,0,0,1,0.1946
1,24,1,0,0,1,0.1946
1,25,0,0,0,2,0.1946
1,26,0,0,0,1,0.1946
1,27,0,0,0,0,0.1946
1,28,0,0,0,0,0.1946
1,29,0,0,0,0,0.1946
2,0,0,1,0,1,-1.0000
2,1,1,0,0,0,1.0000
2,2,1,0,0,1,1.0000
2,3,0,1,0,2,-1.0000
2,4,0,1,0,2,-1.0000
2,5,0,1,0,2,-1.0000
2,6,0,1,0,2,-1.0000
2,7,0,1,0,1,-1.0000
2,8,0,1,0,2,-1.0000
2,9,1,0,0,0,1.0000
2,10,0,1,0,1,-1.0000
2,11,0,1,0,0,-1.0000
2,12,0,1,0,0,-1.0000
2,13,0,1,0,0,-1.0000
2,14,0,1,0,1,-1.0000
2,15,1,0,0,0,1.0000
2,16,0,0,0,3,0.6482
2,17,0,0,0,3,0.1946
2,18,1,0,0,0,0.1946
2,19,0,0,0,1,0.1946
2,20,0,0,0,1,0.1946
2,21,0,0,0,1,0.1946
2,22,0,0,0,2,0.1946
2,23,0,0,0,3,0.1946
2,24,0,0,0,4,0.1946
2,25,1,0,0,0,0.1946
2,26,0,0,0,1,0.1946
2,27,0,0,0,0,0.1946
2,28,0,0,0,0,0.1946
2,29,0,0,0,0,0.1946
3,0,0,1,0,2,-1.0000
3,1,0,1,0,3,-1.0000
3,2,0,1,0,3,-1.0000
3,3,0,1,0,2,-1.0000
3,4,1,0,0,0,1.0000
3,5,0,1,0,1,-1.0000
3,6,0,1,0,1,-1.0000
3,7,1,0,0,0,1.0000
3,8,0,1,0,3,-1.0000
3,9,0,1,0,3,-1.0000
3,10,0,1,0,3,-1.0000
3,11,0,1,0,1,-1.0000
3,12,0,1,0,0,-1.0000
3,13,0,1,0,0,-1.0000
3,14,0,1,0,2,-1.0000
3,15,0,1,0,3,-1.0000
3,16,1,0,0,2,0.1759
3,17,0,0,0,3,0.1946
3,18,0,0,0,2,0.1946
3,19,0,0,0,2,0.1946
3,20,0,0,0,2,0.1946
3,21,1,0,0,1,0.1946
3,22,0,0,0,3,0.1946
3,23,1,0,0,0,0.1946
3,24,1,0,0,2,0.1946
3,25,0,0,0,3,0.1946
3,26,0,0,0,3,0.1946
3,27,0,0,0,2,0.1946
3,28,0,0,0,1,0.1946
3,29,0,0,0,0,0.1946
4,0,0,1,0,1,-1.0000
4,1,1,0,0,0,1.0000
4,2,0,1,0,1,-1.0000
4,3,0,1,0,1,-1.0000
4,4,0,1,0,2,-1.0000
4,5,0,1,0,2,-1.0000
4,6,0,1,0,2,-1.0000
4,7,0,1,0,1,-1.0000
4,8,0,1,0,2,-1.0000
4,9,1,0,0,1,1.0000
4,10,1,0,0,0,1.0000
4,11,0,1,0,2,-1.0000
4,12,0,1,0,1,-1.0000
4,13,0,1,0,1,-1.0000
4,14,0,1,0,2,-1.0000
4,15,1,0,0,0,1.0000
4,16,0,0,0,3,0.1759
4,17,0,0,0,3,0.1946
4,18,1,0,0,0,0.1946
4,19,0,0,0,1,0.1946
4,20,0,0,0,2,0.1946
4,21,1,0,0,0,0.1946
4,22,0,0,0,3,0.1946
4,23,0,0,0,2,0.1946
4,24,0,0,0,3,0.1946
4,25,0,0,0,3,0.1946
4,26,1,0,0,1,0.1946
4,27,1,0,0,1,0.1946
4,28,0,0,0,3,0.1946
4,29,0,0,0,2,0.1946
5,0,0,1,0,1,-1.0000
5,1,0,1,0,1,-1.0000
5,2,0,1,0,1,-1.0000
5,3,0,1,0,1,-1.0000
5,4,0,1,0,2,-1.0000
5,5,1,0,0,0,1.0000
5,6,0,1,0,2,-1.0000
5,7,0,1,0,1,-1.0000
5,8,0,1,0,2,-1.0000
5,9,0,1,0,3,-1.0000
5,10,0,0,0,5,0.3884
5,11,1,0,0,2,0.3069
5,12,0,0,0,2,0.3066
5,13,0,0,0,1,0.3864
5,14,1,0,0,2,0.3067
5,15,0,0,0,3,0.3070
5,16,0,0,0,3,0.1946
5,17,1,0,0,1,0.1946
5,18,0,0,0,2,0.1946
5,19,0,0,0,1,0.1946
5,20,0,0,0,1,0.1946
5,21,0,0,0,1,0.1946
5,22,0,0,0,1,0.1946
5,23,0,0,0,0,0.1946
5,24,0,0,0,2,0.1946
5,25,1,0,0,2,0.1946
5,26,0,0,0,4,0.1946
5,27,0,0,0,3,0.1946
5,28,1,0,0,1,0.1946
5,29,1,0,0,0,0.1946
6,0,0,1,0,0,-1.0000
6,1,0,1,0,0,-1.0000
6,2,0,1,0,0,-1.0000
6,3,0,1,0,1,-1.0000
6,4,1,0,0,1,1.0000
6,5,0,1,0,3,-1.0000
6,6,0,0,0,4,0.2761
6,7,1,0,0,3,0.7202
6,8,0,1,0,3,-1.0000
6,9,0,0,0,3,0.2820
6,10,1,0,0,2,0.3304
6,11,1,0,0,0,0.1946
6,12,0,0,0,2,0.1946
6,13,0,0,0,2,0.1946
6,14,0,0,0,3,0.1946
6,15,1,0,0,1,0.1946
6,16,0,0,0,2,0.1946
6,17,0,0,0,1,0.1946
6,18,0,0,0,1,0.1946
6,19,0,0,0,0,0.1946
6,20,0,0,0,0,0.1946
6,21,0,0,0,0,0.1946
6,22,0,0,0,1,0.1946
6,23,0,0,0,1,0.1946
6,24,0,0,0,4,0.1946
6,25,1,0,0,0,0.1946
6,26,0,0,0,4,0.1946
6,27,0,0,0,2,0.1946
6,28,0,0,0,3,0.1946
6,29,0,0,0,2,0.1946
7,0,0,1,0,0,-1.0000
7,1,0,1,0,0,-1.0000
7,2,0,1,0,1,-1.0000
7,3,0,1,0,3,-1.0000
7,4,0,1,0,3,-1.0000
7,5,0,1,0,3,-1.0000
7,6,1,0,0,0,0.7271
7,7,1,0,0,1,0.6442
7,8,1,0,0,1,0.6769
7,9,0,0,0,3,0.6769
7,10,1,0,0,2,0.1946
7,11,0,0,0,3,0.1946
7,12,0,0,0,2,0.1946
7,13,0,0,0,2,0.1946
7,14,1,0,0,0,0.1946
7,15,0,0,0,3,0.1946
7,16,0,0,0,2,0.1946
7,17,0,0,0,1,0.1946
7,18,0,0,0,0,0.1946
7,19,0,0,0,0,0.1946
7,20,0,0,0,1,0.1946
7,21,0,0,0,1,0.1946
7,22,0,0,0,2,0.1946
7,23,1,0,0,0,0.1946
7,24,0,0,0,4,0.1946
7,25,1,0,0,1,0.1946
7,26,0,0,0,3,0.1946
7,27,1,0,0,0,0.1946
7,28,0,0,0,1,0.1946
7,29,0,0,0,0,0.1946
8,0,0,1,0,1,-1.0000
8,1,0,1,0,1,-1.0000
8,2,0,1,0,2,-1.0000
8,3,1,0,0,0,1.0000
8,4,1,0,0,2,1.0000
8,5,0,1,0,3,-1.0000
8,6,0,1,0,3,-1.0000
8,7,0,0,0,4,0.1728
8,8,0,0,0,2,0.1946
8,9,0,0,0,2,0.1946
8,10,0,0,0,1,0.1946
8,11,0,0,0,2,0.1946
8,12,0,0,0,2,0.1946
8,13,1,0,0,3,0.1946
8,14,0,0,0,3,0.1946
8,15,0,0,0,3,0.1946
8,16,1,0,0,1,0.1946
8,17,0,0,0,2,0.1946
8,18,0,0,0,1,0.1946
8,19,0,0,0,0,0.1946
8,20,0,0,0,2,0.1946
8,21,1,0,0,0,0.1946
8,22,0,0,0,3,0.1946
8,23,0,0,0,2,0.1946
8,24,1,0,0,2,0.1946
8,25,0,0,0,2,0.1946
8,26,0,0,0,2,0.1946
8,27,0,0,0,1,0.1946
8,28,0,0,0,1,0.1946
8,29,0,0,0,0,0.1946
9,0,1,0,0,0,0.3953
9,1,0,0,0,1,0.6049
9,2,0,1,0,2,-1.0000
9,3,1,0,0,1,0.3969
9,4,0,1,0,3,-1.0000
9,5,0,0,0,2,0.4483
9,6,1,0,0,0,0.8195
9,7,0,0,0,1,0.1848
9,8,0,0,0,0,0.1946
9,9,0,0,0,0,0.1946
9,10,0,0,0,1,0.1946
9,11,0,0,0,2,0.1946
9,12,1,0,0,0,0.1946
9,13,0,0,0,4,0.1946
9,14,1,0,0,0,0.1946
9,15,0,0,0,3,0.1946
9,16,0,0,0,3,0.1946
9,17,1,0,0,0,0.1946
9,18,0,0,0,3,0.1946
9,19,0,0,0,2,0.1946
9,20,0,0,0,4,0.1946
9,21,1,0,0,1,0.1946
9,22,0,0,0,3,0.1946
9,23,0,0,0,1,0.1946
9,24,0,0,0,1,0.1946
9,25,0,0,0,2,0.1946
9,26,0,0,0,1,0.1946
9,27,0,0,0,1,0.1946
9,28,0,0,0,0,0.1946
9,29,0,0,0,0,0.1946
10,0,0,1,0,1,-1.0000
10,1,0,1,0,1,-1.0000
10,2,0,1,0,1,-1.0000
10,3,0,1,0,1,-1.0000
10,4,0,0,0,1,0.1567
10,5,0,1,0,2,-1.0000
10,6,0,1,0,2,-1.0000
10,7,0,0,0,2,0.2078
10,8,0,0,0,1,0.1946
10,9,0,0,0,1,0.1946
10,10,0,0,0,2,0.1946
10,11,1,0,0,1,0.1946
10,12,0,0,0,4,0.1946
10,13,1,0,0,3,0.1946
10,14,0,0,0,4,0.1946
10,15,1,0,0,1,0.1946
10,16,0,0,0,2,0.1946
10,17,0,0,0,2,0.1946
10,18,1,0,0,1,0.1946
10,19,1,0,0,1,0.1946
10,20,0,0,0,3,0.1946
10,21,1,0,0,2,0.1946
10,22,0,0,0,3,0.1946
10,23,0,0,0,1,0.1946
10,24,0,0,0,0,0.1946
10,25,0,0,0,1,0.1946
10,26,1,0,0,1,0.1946
10,27,0,0,0,2,0.1946
10,28,0,0,0,1,0.1946
10,29,0,0,0,0,0.1946
11,0,0,1,0,0,-1.0000
11,1,0,1,0,0,-1.0000
11,2,0,1,0,0,-1.0000
11,3,0,1,0,1,-1.0000
11,4,0,0,0,1,0.4443
11,5,0,1,0,2,-1.0000
11,6,1,0,0,0,0.1331
11,7,0,0,0,1,0.2078
11,8,0,0,0,1,0.1946
11,9,1,0,0,0,0.1946
11,10,0,0,0,2,0.1946
11,11,0,0,0,1,0.1946
11,12,0,0,0,3,0.1946
11,13,1,0,0,0,0.1946
11,14,0,0,0,3,0.1946
11,15,0,0,0,1,0.1946
11,16,0,0,0,1,0.1946
11,17,0,0,0,1,0.1946
11,18,0,0,0,2,0.1946
11,19,0,0,0,2,0.1946
11,20,0,0,0,2,0.1946
11,21,0,0,0,2,0.1946
11,22,1,0,0,0,0.1946
11,23,0,0,0,1,0.1946
11,24,0,0,0,0,0.1946
11,25,0,0,0,1,0.1946
11,26,0,0,0,2,0.1946
11,27,1,0,0,0,0.1946
11,28,0,0,0,2,0.1946
11,29,0,0,0,1,0.1946
12,0,0,1,0,0,-1.0000
12,1,0,1,0,0,-1.0000
12,2,0,1,0,1,-1.0000
12,3,0,1,0,2,-1.0000
12,4,1,0,0,1,0.3993
12,5,0,0,0,3,0.4332
12,6,0,0,0,2,0.4332
12,7,0,0,0,3,0.1946
12,8,0,0,0,2,0.1946
12,9,0,0,0,2,0.1946
12,10,0,0,0,1,0.1946
12,11,0,0,0,0,0.1946
12,12,0,0,0,1,0.1946
12,13,0,0,0,1,0.1946
12,14,0,0,0,1,0.1946
12,15,0,0,0,0,0.1946
12,16,0,0,0,1,0.1946
12,17,0,0,0,1,0.1946
12,18,0,0,0,1,0.1946
12,19,0,0,0,0,0.1946
12,20,0,0,0,0,0.1946
12,21,0,0,0,1,0.1946
12,22,0,0,0,1,0.1946
12,23,0,0,0,2,0.1946
12,24,0,0,0,1,0.1946
12,25,0,0,0,1,0.1946
12,26,0,0,0,1,0.1946
12,27,0,0,0,1,0.1946
12,28,0,0,0,2,0.1946
12,29,1,0,0,0,0.1946
13,0,0,1,0,1,-1.0000
13,1,0,1,0,2,-1.0000
13,2,0,1,0,3,-1.0000
13,3,1,0,0,0,1.0000
13,4,0,0,0,3,0.1569
13,5,0,0,0,3,0.1946
13,6,1,0,0,0,0.1946
13,7,0,0,0,3,0.1946
13,8,1,0,0,1,0.1946
13,9,0,0,0,2,0.1946
13,10,0,0,0,1,0.1946
13,11,0,0,0,1,0.1946
13,12,0,0,0,1,0.1946
13,13,0,0,0,1,0.1946
13,14,0,0,0,1,0.1946
13,15,0,0,0,1,0.1946
13,16,0,0,0,1,0.1946
13,17,1,0,0,0,0.1946
13,18,0,0,0,1,0.1946
13,19,0,0,0,0,0.1946
13,20,0,0,0,0,0.1946
13,21,0,0,0,0,0.1946
13,22,0,0,0,1,0.1946
13,23,0,0,0,3,0.1946
13,24,1,0,0,0,0.1946
13,25,0,0,0,3,0.1946
13,26,0,0,0,2,0.1946
13,27,0,0,0,2,0.1946
13,28,0,0,0,2,0.1946
13,29,0,0,0,1,0.1946
14,0,0,0,0,1,0.3872
14,1,1,0,0,0,0.6247
14,2,1,0,0,2,0.9843
14,3,0,0,0,3,0.3890
14,4,1,0,0,1,0.1946
14,5,0,0,0,2,0.1946
14,6,0,0,0,1,0.1946
14,7,0,0,0,3,0.1946
14,8,1,0,0,0,0.1946
14,9,0,0,0,3,0.1946
14,10,0,0,0,2,0.1946
14,11,1,0,0,0,0.1946
14,12,0,0,0,1,0.1946
14,13,0,0,0,1,0.1946
14,14,1,0,0,0,0.1946
14,15,0,0,0,1,0.1946
14,16,0,0,0,1,0.1946
14,17,0,0,0,1,0.1946
14,18,0,0,0,2,0.1946
14,19,0,0,0,1,0.1946
14,20,0,0,0,1,0.1946
14,21,0,0,0,1,0.1946
14,22,0,0,0,2,0.1946
14,23,1,0,0,2,0.1946
14,24,1,0,0,1,0.1946
14,25,0,0,0,3,0.1946
14,26,1,0,0,0,0.1946
14,27,1,0,0,1,0.1946
14,28,0,0,0,2,0.1946
14,29,0,0,0,1,0.1946
15,0,0,0,0,1,0.1946
15,1,0,0,0,2,0.1946
15,2,0,0,0,2,0.1946
15,3,0,0,0,2,0.1946
15,4,0,0,0,1,0.1946
15,5,0,0,0,1,0.1946
15,6,0,0,0,0,0.1946
15,7,0,0,0,1,0.1946
15,8,0,0,0,2,0.1946
15,9,1,0,0,1,0.1946
15,10,0,0,0,2,0.1946
15,11,0,0,0,1,0.1946
15,12,0,0,0,1,0.1946
15,13,0,0,0,1,0.1946
15,14,0,0,0,1,0.1946
15,15,0,0,0,1,0.1946
15,16,0,0,0,0,0.1946
15,17,0,0,0,0,0.1946
15,18,0,0,0,1,0.1946
15,19,1,0,0,0,0.1946
15,20,0,0,0,1,0.1946
15,21,0,0,0,1,0.1946
15,22,1,0,0,1,0.1946
15,23,0,0,0,3,0.1946
15,24,0,0,0,2,0.1946
15,25,0,0,0,2,0.1946
15,26,0,0,0,2,0.1946
15,27,0,0,0,3,0.1946
15,28,1,0,0,1,0.1946
15,29,0,0,0,1,0.1946
