Outcome: lose
Spanning Area: 19
Rows: 16, Cols: 30, Mines: 99
Clicked Mine: (0, 6)
Last Move Prob: 0.20312225586800473
Last Move Entropy: 0.20312225586800473
Game Seed: 1801823908

0,0,0,1,0,0,-1.0000
0,1,0,1,0,0,-1.0000
0,2,0,1,0,0,-1.0000
0,3,0,1,0,0,-1.0000
0,4,0,1,0,1,-1.0000
0,5,0,0,0,2,0.3914
0,6,1,0,0,0,0.2031
0,7,0,0,0,1,0.2031
0,8,0,0,0,2,0.2031
0,9,1,0,0,0,0.2031
0,10,1,0,0,2,0.2031
0,11,0,0,0,1,0.2031
0,12,0,0,0,1,0.2031
0,13,0,0,0,2,0.2031
0,14,0,0,0,2,0.2031
0,15,0,0,0,1,0.2031
0,16,0,0,0,0,0.2031
0,17,0,0,0,1,0.2031
0,18,0,0,0,2,0.2031
0,19,1,0,0,1,0.2031
0,20,0,0,0,2,0.2031
0,21,1,0,0,0,0.2031
0,22,0,0,0,1,0.2031
0,23,0,0,0,0,0.2031
0,24,0,0,0,0,0.2031
0,25,0,0,0,0,0.2031
0,26,0,0,0,1,0.2031
0,27,0,0,0,1,0.2031
0,28,0,0,0,1,0.2031
0,29,0,0,0,0,0.2031
1,0,0,1,0,0,-1.0000
1,1,0,1,0,0,-1.0000
1,2,0,1,0,0,-1.0000
1,3,0,1,0,0,-1.0000
1,4,0,1,0,2,-1.0000
1,5,1,0,0,1,0.6206
1,6,0,0,0,3,0.2031
1,7,0,0,0,1,0.2031
1,8,0,0,0,2,0.2031
1,9,1,0,0,1,0.2031
1,10,0,0,0,4,0.2031
1,11,0,0,0,2,0.2031
1,12,0,0,0,2,0.2031
1,13,1,0,0,1,0.2031
1,14,1,0,0,0,0.2031
1,15,0,0,0,3,0.2031
1,16,0,0,0,1,0.2031
1,17,0,0,0,2,0.2031
1,18,1,0,0,0,0.2031
1,19,0,0,0,3,0.2031
1,20,0,0,0,2,0.2031
1,21,0,0,0,2,0.2031
1,22,0,0,0,2,0.2031
1,23,0,0,0,1,0.2031
1,24,0,0,0,0,0.2031
1,25,0,0,0,0,0.2031
1,26,0,0,0,1,0.2031
1,27,1,0,0,0,0.2031
1,28,0,0,0,1,0.2031
1,29,0,0,0,0,0.2031
2,0,0,1,0,0,-1.0000
2,1,0,1,0,1,-1.0000
2,2,0,1,0,2,-1.0000
2,3,0,1,0,3,-1.0000
2,4,0,1,0,4,-1.0000
2,5,1,0,0,2,0.9840
2,6,0,0,0,2,0.2031
2,7,0,0,0,0,0.2031
2,8,0,0,0,1,0.2031
2,9,0,0,0,1,0.2031
2,10,0,0,0,3,0.2031
2,11,1,0,0,1,0.2031
2,12,0,0,0,3,0.2031
2,13,0,0,0,3,0.2031
2,14,1,0,0,3,0.2031
2,15,1,0,0,4,0.2031
2,16,0,0,0,3,0.2031
2,17,0,0,0,4,0.2031
2,18,1,0,0,2,0.2031
2,19,0,0,0,3,0.2031
2,20,0,0,0,0,0.2031
2,21,0,0,0,1,0.2031
2,22,1,0,0,0,0.2031
2,23,0,0,0,2,0.2031
2,24,0,0,0,2,0.2031
2,25,0,0,0,2,0.2031
2,26,0,0,0,3,0.2031
2,27,0,0,0,3,0.2031
2,28,0,0,0,2,0.2031
2,29,0,0,0,1,0.2031
3,0,0,1,0,1,-1.0000
3,1,0,1,0,2,-1.0000
3,2,1,0,0,0,1.0000
3,3,1,0,0,2,1.0000
3,4,1,0,0,0,1.0000
3,5,0,0,0,2,0.3933
3,6,0,0,0,2,0.2031
3,7,0,0,0,1,0.2031
3,8,0,0,0,2,0.2031
3,9,0,0,0,1,0.2031
3,10,0,0,0,3,0.2031
3,11,1,0,0,1,0.2031
3,12,0,0,0,3,0.2031
3,13,0,0,0,2,0.2031
3,14,0,0,0,3,0.2031
3,15,1,0,0,1,0.2031
3,16,1,0,0,0,0.2031
3,17,0,0,0,4,0.2031
3,18,1,0,0,1,0.2031
3,19,0,0,0,4,0.2031
3,20,0,0,0,2,0.2031
3,21,0,0,0,3,0.2031
3,22,0,0,0,4,0.2031
3,23,1,0,0,1,0.2031
3,24,0,0,0,2,0.2031
3,25,1,0,0,0,0.2031
3,26,1,0,0,1,0.2031
3,27,0,0,0,2,0.2031
3,28,1,0,0,0,0.2031
3,29,0,0,0,1,0.2031
4,0,0,0,0,1,0.4067
4,1,1,0,0,1,0.5933
4,2,0,1,0,4,-1.0000
4,3,0,0,0,4,0.3518
4,4,0,0,0,3,0.2031
4,5,0,0,0,1,0.2031
4,6,0,0,0,1,0.2031
4,7,1,0,0,0,0.2031
4,8,0,0,0,2,0.2031
4,9,1,0,0,0,0.2031
4,10,0,0,0,2,0.2031
4,11,0,0,0,2,0.2031
4,12,1,0,0,0,0.2031
4,13,0,0,0,1,0.2031
4,14,0,0,0,1,0.2031
4,15,0,0,0,2,0.2031
4,16,0,0,0,2,0.2031
4,17,0,0,0,3,0.2031
4,18,1,0,0,0,0.2031
4,19,1,0,0,2,0.2031
4,20,0,0,0,2,0.2031
4,21,1,0,0,0,0.2031
4,22,1,0,0,2,0.2031
4,23,0,0,0,2,0.2031
4,24,0,0,0,2,0.2031
4,25,0,0,0,2,0.2031
4,26,0,0,0,2,0.2031
4,27,0,0,0,2,0.2031
4,28,0,0,0,1,0.2031
4,29,0,0,0,1,0.2031
5,0,0,0,0,2,0.2031
5,1,0,0,0,2,0.3518
5,2,0,0,0,3,0.3518
5,3,1,0,0,0,0.3518
5,4,0,0,0,2,0.2031
5,5,0,0,0,1,0.2031
5,6,0,0,0,3,0.2031
5,7,0,0,0,2,0.2031
5,8,0,0,0,3,0.2031
5,9,0,0,0,1,0.2031
5,10,0,0,0,1,0.2031
5,11,0,0,0,1,0.2031
5,12,0,0,0,1,0.2031
5,13,0,0,0,2,0.2031
5,14,0,0,0,1,0.2031
5,15,0,0,0,2,0.2031
5,16,0,0,0,1,0.2031
5,17,0,0,0,2,0.2031
5,18,0,0,0,2,0.2031
5,19,0,0,0,3,0.2031
5,20,0,0,0,3,0.2031
5,21,0,0,0,3,0.2031
5,22,0,0,0,2,0.2031
5,23,0,0,0,2,0.2031
5,24,0,0,0,1,0.2031
5,25,0,0,0,1,0.2031
5,26,0,0,0,0,0.2031
5,27,0,0,0,0,0.2031
5,28,0,0,0,0,0.2031
5,29,0,0,0,0,0.2031
6,0,0,0,0,2,0.2031
6,1,1,0,0,1,0.2031
6,2,0,0,0,2,0.2031
6,3,0,0,0,1,0.2031
6,4,0,0,0,2,0.2031
6,5,1,0,0,0,0.2031
6,6,0,0,0,3,0.2031
6,7,1,0,0,1,0.2031
6,8,0,0,0,2,0.2031
6,9,0,0,0,0,0.2031
6,10,0,0,0,0,0.2031
6,11,0,0,0,0,0.2031
6,12,0,0,0,0,0.2031
6,13,0,0,0,2,0.2031
6,14,1,0,0,0,0.2031
6,15,0,0,0,3,0.2031
6,16,1,0,0,0,0.2031
6,17,0,0,0,1,0.2031
6,18,0,0,0,0,0.2031
6,19,0,0,0,1,0.2031
6,20,1,0,0,0,0.2031
6,21,0,0,0,3,0.2031
6,22,0,0,0,2,0.2031
6,23,0,0,0,2,0.2031
6,24,1,0,0,0,0.2031
6,25,0,0,0,1,0.2031
6,26,0,0,0,0,0.2031
6,27,0,0,0,0,0.2031
6,28,0,0,0,0,0.2031
6,29,0,0,0,0,0.2031
7,0,1,0,0,0,0.2031
7,1,0,0,0,2,0.2031
7,2,0,0,0,1,0.2031
7,3,0,0,0,0,0.2031
7,4,0,0,0,1,0.2031
7,5,0,0,0,1,0.2031
7,6,0,0,0,3,0.2031
7,7,1,0,0,0,0.2031
7,8,0,0,0,2,0.2031
7,9,0,0,0,0,0.2031
7,10,0,0,0,0,0.2031
7,11,0,0,0,1,0.2031
7,12,0,0,0,1,0.2031
7,13,0,0,0,3,0.2031
7,14,1,0,0,1,0.2031
7,15,0,0,0,3,0.2031
7,16,0,0,0,2,0.2031
7,17,0,0,0,3,0.2031
7,18,0,0,0,2,0.2031
7,19,0,0,0,2,0.2031
7,20,0,0,0,2,0.2031
7,21,1,0,0,2,0.2031
7,22,1,0,0,0,0.2031
7,23,0,0,0,2,0.2031
7,24,0,0,0,2,0.2031
7,25,0,0,0,2,0.2031
7,26,0,0,0,1,0.2031
7,27,0,0,0,1,0.2031
7,28,0,0,0,1,0.2031
7,29,0,0,0,1,0.2031
8,0,0,0,0,1,0.2031
8,1,0,0,0,1,0.2031
8,2,0,0,0,0,0.2031
8,3,0,0,0,0,0.2031
8,4,0,0,0,0,0.2031
8,5,0,0,0,0,0.2031
8,6,0,0,0,2,0.2031
8,7,0,0,0,3,0.2031
8,8,0,0,0,3,0.2031
8,9,0,0,0,1,0.2031
8,10,0,0,0,0,0.2031
8,11,0,0,0,1,0.2031
8,12,1,0,0,0,0.2031
8,13,0,0,0,2,0.2031
8,14,0,0,0,1,0.2031
8,15,0,0,0,1,0.2031
8,16,0,0,0,1,0.2031
8,17,1,0,0,0,0.2031
8,18,1,0,0,1,0.2031
8,19,0,0,0,2,0.2031
8,20,0,0,0,2,0.2031
8,21,0,0,0,3,0.2031
8,22,0,0,0,2,0.2031
8,23,0,0,0,1,0.2031
8,24,0,0,0,1,0.2031
8,25,1,0,0,0,0.2031
8,26,0,0,0,1,0.2031
8,27,0,0,0,2,0.2031
8,28,1,0,0,1,0.2031
8,29,0,0,0,2,0.2031
9,0,0,0,0,1,0.2031
9,1,0,0,0,1,0.2031
9,2,0,0,0,0,0.2031
9,3,0,0,0,1,0.2031
9,4,0,0,0,2,0.2031
9,5,0,0,0,2,0.2031
9,6,0,0,0,2,0.2031
9,7,1,0,0,2,0.2031
9,8,1,0,0,0,0.2031
9,9,0,0,0,3,0.2031
9,10,0,0,0,1,0.2031
9,11,0,0,0,3,0.2031
9,12,0,0,0,2,0.2031
9,13,0,0,0,2,0.2031
9,14,0,0,0,1,0.2031
9,15,0,0,0,2,0.2031
9,16,0,0,0,3,0.2031
9,17,0,0,0,3,0.2031
9,18,0,0,0,2,0.2031
9,19,0,0,0,2,0.2031
9,20,1,0,0,0,0.2031
9,21,0,0,0,1,0.2031
9,22,0,0,0,0,0.2031
9,23,0,0,0,0,0.2031
9,24,0,0,0,1,0.2031
9,25,0,0,0,2,0.2031
9,26,0,0,0,2,0.2031
9,27,0,0,0,4,0.2031
9,28,1,0,0,1,0.2031
9,29,0,0,0,3,0.2031
10,0,1,0,0,0,0.2031
10,1,0,0,0,3,0.2031
10,2,0,0,0,1,0.2031
10,3,0,0,0,2,0.2031
10,4,1,0,0,1,0.2031
10,5,1,0,0,0,0.2031
10,6,0,0,0,3,0.2031
10,7,0,0,0,3,0.2031
10,8,1,0,0,1,0.2031
10,9,0,0,0,4,0.2031
10,10,1,0,0,0,0.2031
10,11,0,0,0,3,0.2031
10,12,1,0,0,0,0.2031
10,13,0,0,0,2,0.2031
10,14,0,0,0,2,0.2031
10,15,1,0,0,2,0.2031
10,16,1,0,0,1,0.2031
10,17,0,0,0,3,0.2031
10,18,0,0,0,1,0.2031
10,19,0,0,0,3,0.2031
10,20,0,0,0,2,0.2031
10,21,0,0,0,2,0.2031
10,22,0,0,0,0,0.2031
10,23,0,0,0,0,0.2031
10,24,0,0,0,0,0.2031
10,25,0,0,0,1,0.2031
10,26,1,0,0,0,0.2031
10,27,0,0,0,3,0.2031
10,28,1,0,0,0,0.2031
10,29,0,0,0,3,0.2031
11,0,1,0,0,3,0.2031
11,1,0,0,0,5,0.2031
11,2,1,0,0,1,0.2031
11,3,0,0,0,2,0.2031
11,4,0,0,0,3,0.2031
11,5,1,0,0,2,0.2031
11,6,0,0,0,2,0.2031
11,7,0,0,0,2,0.2031
11,8,0,0,0,2,0.2031
11,9,0,0,0,4,0.2031
11,10,1,0,0,1,0.2031
11,11,0,0,0,3,0.2031
11,12,0,0,0,3,0.2031
11,13,1,0,0,2,0.2031
11,14,0,0,0,3,0.2031
11,15,0,0,0,4,0.2031
11,16,1,0,0,1,0.2031
11,17,0,0,0,5,0.2031
11,18,1,0,0,1,0.2031
11,19,0,0,0,3,0.2031
11,20,1,0,0,0,0.2031
11,21,0,0,0,1,0.2031
11,22,0,0,0,0,0.2031
11,23,0,0,0,0,0.2031
11,24,0,0,0,0,0.2031
11,25,0,0,0,1,0.2031
11,26,0,0,0,1,0.2031
11,27,0,0,0,2,0.2031
11,28,0,0,0,2,0.2031
11,29,1,0,0,1,0.2031
12,0,1,0,0,0,0.2031
12,1,1,0,0,1,0.2031
12,2,0,0,0,2,0.2031
12,3,0,0,0,1,0.2031
12,4,0,0,0,1,0.2031
12,5,0,0,0,1,0.2031
12,6,0,0,0,2,0.2031
12,7,0,0,0,2,0.2031
12,8,1,0,0,1,0.2031
12,9,0,0,0,2,0.2031
12,10,0,0,0,2,0.2031
12,11,0,0,0,2,0.2031
12,12,0,0,0,3,0.2031
12,13,1,0,0,0,0.2031
12,14,0,0,0,2,0.2031
12,15,0,0,0,2,0.2031
12,16,1,0,0,0,0.2031
12,17,0,0,0,5,0.2031
12,18,1,0,0,0,0.2031
12,19,0,0,0,4,0.2031
12,20,0,0,0,1,0.2031
12,21,0,0,0,1,0.2031
12,22,0,0,0,0,0.2031
12,23,0,0,0,0,0.2031
12,24,0,0,0,0,0.2031
12,25,0,0,0,0,0.2031
12,26,0,0,0,1,0.2031
12,27,0,0,0,2,0.2031
12,28,0,0,0,3,0.2031
12,29,0,0,0,2,0.2031
13,0,0,0,0,2,0.2031
13,1,0,0,0,3,0.2031
13,2,0,0,0,3,0.2031
13,3,0,0,0,2,0.2031
13,4,0,0,0,1,0.2031
13,5,0,0,0,0,0.2031
13,6,0,0,0,1,0.2031
13,7,1,0,0,0,0.2031
13,8,0,0,0,2,0.2031
13,9,0,0,0,1,0.2031
13,10,0,0,0,2,0.2031
13,11,1,0,0,0,0.2031
13,12,0,0,0,4,0.2031
13,13,0,0,0,2,0.2031
13,14,0,0,0,1,0.2031
13,15,0,0,0,2,0.2031
13,16,0,0,0,2,0.2031
13,17,0,0,0,4,0.2031
13,18,1,0,0,1,0.2031
13,19,0,0,0,3,0.2031
13,20,0,0,0,1,0.2031
13,21,0,0,0,0,0.2031
13,22,0,0,0,0,0.2031
13,23,0,0,0,0,0.2031
13,24,0,0,0,0,0.2031
13,25,0,0,0,0,0.2031
13,26,0,0,0,1,0.2031
13,27,1,0,0,1,0.2031
13,28,1,0,0,0,0.2031
13,29,0,0,0,2,0.2031
14,0,0,0,0,0,0.2031
14,1,0,0,0,1,0.2031
14,2,1,0,0,1,0.2031
14,3,1,0,0,0,0.2031
14,4,0,0,0,2,0.2031
14,5,0,0,0,2,0.2031
14,6,0,0,0,3,0.2031
14,7,0,0,0,2,0.2031
14,8,0,0,0,1,0.2031
14,9,0,0,0,0,0.2031
14,10,0,0,0,2,0.2031
14,11,1,0,0,1,0.2031
14,12,1,0,0,2,0.2031
14,13,0,0,0,1,0.2031
14,14,0,0,0,0,0.2031
14,15,0,0,0,2,0.2031
14,16,1,0,0,1,0.2031
14,17,0,0,0,3,0.2031
14,18,0,0,0,2,0.2031
14,19,1,0,0,1,0.2031
14,20,0,0,0,1,0.2031
14,21,0,0,0,1,0.2031
14,22,0,0,0,1,0.2031
14,23,0,0,0,1,0.2031
14,24,0,0,0,0,0.2031
14,25,0,0,0,0,0.2031
14,26,0,0,0,1,0.2031
14,27,0,0,0,3,0.2031
14,28,1,0,0,2,0.2031
14,29,0,0,0,2,0.2031
15,0,0,0,0,0,0.2031
15,1,0,0,0,1,0.2031
15,2,0,0,0,2,0.2031
15,3,0,0,0,2,0.2031
15,4,0,0,0,2,0.2031
15,5,1,0,0,1,0.2031
15,6,1,0,0,0,0.2031
15,7,0,0,0,1,0.2031
15,8,0,0,0,0,0.2031
15,9,0,0,0,0,0.2031
15,10,0,0,0,1,0.2031
15,11,0,0,0,2,0.2031
15,12,0,0,0,2,0.2031
15,13,0,0,0,1,0.2031
15,14,0,0,0,0,0.2031
15,15,0,0,0,2,0.2031
15,16,1,0,0,0,0.2031
15,17,0,0,0,2,0.2031
15,18,0,0,0,1,0.2031
15,19,0,0,0,1,0.2031
15,20,0,0,0,1,0.2031
15,21,0,0,0,1,0.2031
15,22,1,0,0,0,0.2031
15,23,0,0,0,1,0.2031
15,24,0,0,0,0,0.2031
15,25,0,0,0,0,0.2031
15,26,0,0,0,0,0.2031
15,27,0,0,0,1,0.2031
15,28,0,0,0,1,0.2031
15,29,0,0,0,1,0.2031
