Outcome: lose
Spanning Area: 141
Rows: 16, Cols: 30, Mines: 99
Clicked Mine: (9, 10)
Last Move Prob: 0.0958704059196706
Last Move Entropy: 0.0958704059196706
Game Seed: 613628803

0,0,0,1,0,0,-1.0000
0,1,0,1,0,0,-1.0000
0,2,0,1,0,1,-1.0000
0,3,1,0,0,0,1.0000
0,4,0,1,0,2,-1.0000
0,5,0,1,0,1,-1.0000
0,6,0,1,0,2,-1.0000
0,7,1,0,0,0,1.0000
0,8,0,1,0,2,-1.0000
0,9,0,0,0,1,0.3860
0,10,0,0,0,2,0.1928
0,11,0,0,0,2,0.1928
0,12,0,0,0,4,0.2101
0,13,1,0,0,1,0.2101
0,14,0,0,0,2,0.2101
0,15,0,0,0,0,0.2101
0,16,0,0,0,0,0.2101
0,17,0,0,0,1,0.2101
0,18,0,0,0,1,0.2101
0,19,0,0,0,3,0.2101
0,20,1,0,0,0,0.2101
0,21,0,0,0,4,0.2101
0,22,1,0,0,0,0.2101
0,23,0,0,0,2,0.2101
0,24,0,0,0,0,0.2101
0,25,0,0,0,0,0.2101
0,26,0,0,0,0,0.2101
0,27,0,0,0,0,0.2101
0,28,0,0,0,1,0.2101
0,29,0,0,0,1,0.2101
1,0,0,1,0,0,-1.0000
1,1,0,1,0,0,-1.0000
1,2,0,1,0,2,-1.0000
1,3,0,1,0,2,-1.0000
1,4,0,1,0,4,-1.0000
1,5,1,0,0,0,1.0000
1,6,0,1,0,4,-1.0000
1,7,0,1,0,2,-1.0000
1,8,0,1,0,3,-1.0000
1,9,1,0,0,0,0.6149
1,10,0,1,0,2,-1.0000
1,11,1,0,0,0,0.2122
1,12,1,0,0,1,0.2101
1,13,1,0,0,2,0.2101
1,14,0,0,0,2,0.2101
1,15,0,0,0,0,0.2101
1,16,0,0,0,0,0.2101
1,17,0,0,0,1,0.2101
1,18,1,0,0,0,0.2101
1,19,0,0,0,4,0.2101
1,20,1,0,0,1,0.2101
1,21,0,0,0,6,0.2101
1,22,1,0,0,1,0.2101
1,23,0,0,0,2,0.2101
1,24,0,0,0,0,0.2101
1,25,0,0,0,1,0.2101
1,26,0,0,0,1,0.2101
1,27,0,0,0,1,0.2101
1,28,0,0,0,1,0.2101
1,29,1,0,0,0,0.2101
2,0,0,1,0,1,-1.0000
2,1,0,1,0,1,-1.0000
2,2,0,1,0,2,-1.0000
2,3,1,0,0,0,1.0000
2,4,0,1,0,3,-1.0000
2,5,1,0,0,2,1.0000
2,6,0,1,0,4,-1.0000
2,7,1,0,0,1,1.0000
2,8,0,1,0,2,-1.0000
2,9,0,1,0,1,-1.0000
2,10,0,1,0,2,-1.0000
2,11,0,0,0,2,0.3924
2,12,0,0,0,3,0.2101
2,13,0,0,0,2,0.2101
2,14,0,0,0,1,0.2101
2,15,0,0,0,0,0.2101
2,16,0,0,0,1,0.2101
2,17,0,0,0,2,0.2101
2,18,0,0,0,3,0.2101
2,19,0,0,0,4,0.2101
2,20,1,0,0,1,0.2101
2,21,1,0,0,3,0.2101
2,22,0,0,0,2,0.2101
2,23,0,0,0,2,0.2101
2,24,0,0,0,1,0.2101
2,25,0,0,0,3,0.2101
2,26,1,0,0,1,0.2101
2,27,0,0,0,3,0.2101
2,28,0,0,0,2,0.2101
2,29,0,0,0,2,0.2101
3,0,0,1,0,1,-1.0000
3,1,1,0,0,0,1.0000
3,2,0,1,0,2,-1.0000
3,3,0,1,0,1,-1.0000
3,4,0,1,0,2,-1.0000
3,5,0,1,0,2,-1.0000
3,6,1,0,0,0,1.0000
3,7,0,1,0,2,-1.0000
3,8,0,1,0,2,-1.0000
3,9,0,0,0,2,0.3732
3,10,0,1,0,3,-1.0000
3,11,0,0,0,2,0.4182
3,12,0,0,0,2,0.2101
3,13,0,0,0,1,0.2101
3,14,0,0,0,1,0.2101
3,15,0,0,0,0,0.2101
3,16,0,0,0,2,0.2101
3,17,1,0,0,0,0.2101
3,18,0,0,0,3,0.2101
3,19,1,0,0,2,0.2101
3,20,0,0,0,4,0.2101
3,21,0,0,0,3,0.2101
3,22,0,0,0,1,0.2101
3,23,0,0,0,2,0.2101
3,24,1,0,0,1,0.2101
3,25,0,0,0,4,0.2101
3,26,1,0,0,0,0.2101
3,27,0,0,0,3,0.2101
3,28,1,0,0,0,0.2101
3,29,0,0,0,1,0.2101
4,0,0,1,0,1,-1.0000
4,1,0,1,0,1,-1.0000
4,2,0,1,0,2,-1.0000
4,3,0,1,0,1,-1.0000
4,4,0,1,0,1,-1.0000
4,5,0,1,0,1,-1.0000
4,6,0,1,0,1,-1.0000
4,7,0,1,0,1,-1.0000
4,8,0,1,0,1,-1.0000
4,9,1,0,0,1,0.6262
4,10,1,0,0,0,0.7876
4,11,1,0,0,1,0.3893
4,12,0,0,0,3,0.2101
4,13,1,0,0,0,0.2101
4,14,0,0,0,2,0.2101
4,15,0,0,0,0,0.2101
4,16,0,0,0,2,0.2101
4,17,1,0,0,1,0.2101
4,18,0,0,0,3,0.2101
4,19,0,0,0,2,0.2101
4,20,1,0,0,0,0.2101
4,21,0,0,0,1,0.2101
4,22,0,0,0,0,0.2101
4,23,0,0,0,2,0.2101
4,24,1,0,0,0,0.2101
4,25,0,0,0,3,0.2101
4,26,0,0,0,1,0.2101
4,27,0,0,0,2,0.2101
4,28,0,0,0,1,0.2101
4,29,0,0,0,1,0.2101
5,0,0,1,0,1,-1.0000
5,1,0,1,0,2,-1.0000
5,2,0,1,0,2,-1.0000
5,3,1,0,0,0,1.0000
5,4,0,1,0,1,-1.0000
5,5,0,1,0,0,-1.0000
5,6,0,1,0,0,-1.0000
5,7,0,1,0,1,-1.0000
5,8,0,1,0,2,-1.0000
5,9,0,1,0,4,-1.0000
5,10,0,0,0,4,0.6074
5,11,0,0,0,3,0.2101
5,12,0,0,0,3,0.2101
5,13,1,0,0,1,0.2101
5,14,0,0,0,2,0.2101
5,15,0,0,0,0,0.2101
5,16,0,0,0,2,0.2101
5,17,0,0,0,3,0.2101
5,18,0,0,0,3,0.2101
5,19,0,0,0,3,0.2101
5,20,0,0,0,2,0.2101
5,21,0,0,0,3,0.2101
5,22,0,0,0,1,0.2101
5,23,0,0,0,2,0.2101
5,24,0,0,0,2,0.2101
5,25,0,0,0,3,0.2101
5,26,0,0,0,2,0.2101
5,27,0,0,0,1,0.2101
5,28,0,0,0,1,0.2101
5,29,0,0,0,1,0.2101
6,0,1,0,0,1,1.0000
6,1,0,1,0,3,-1.0000
6,2,1,0,0,2,1.0000
6,3,0,1,0,2,-1.0000
6,4,0,1,0,1,-1.0000
6,5,0,1,0,0,-1.0000
6,6,0,1,0,0,-1.0000
6,7,0,1,0,1,-1.0000
6,8,1,0,0,1,1.0000
6,9,0,0,0,4,0.3706
6,10,1,0,0,3,0.6074
6,11,0,0,0,3,0.2101
6,12,0,0,0,2,0.2101
6,13,0,0,0,1,0.2101
6,14,0,0,0,1,0.2101
6,15,0,0,0,0,0.2101
6,16,0,0,0,2,0.2101
6,17,1,0,0,0,0.2101
6,18,1,0,0,1,0.2101
6,19,0,0,0,3,0.2101
6,20,1,0,0,0,0.2101
6,21,0,0,0,3,0.2101
6,22,1,0,0,0,0.2101
6,23,0,0,0,1,0.2101
6,24,0,0,0,1,0.2101
6,25,1,0,0,1,0.2101
6,26,1,0,0,0,0.2101
6,27,0,0,0,1,0.2101
6,28,0,0,0,1,0.2101
6,29,1,0,0,0,0.2101
7,0,0,1,0,2,-1.0000
7,1,1,0,0,0,1.0000
7,2,0,1,0,2,-1.0000
7,3,0,1,0,1,-1.0000
7,4,0,1,0,0,-1.0000
7,5,0,1,0,0,-1.0000
7,6,0,1,0,0,-1.0000
7,7,0,1,0,1,-1.0000
7,8,0,1,0,2,-1.0000
7,9,1,0,0,0,0.3145
7,10,1,0,0,2,0.2101
7,11,1,0,0,0,0.2101
7,12,0,0,0,1,0.2101
7,13,0,0,0,0,0.2101
7,14,0,0,0,0,0.2101
7,15,0,0,0,0,0.2101
7,16,0,0,0,3,0.2101
7,17,1,0,0,2,0.2101
7,18,0,0,0,4,0.2101
7,19,0,0,0,3,0.2101
7,20,1,0,0,1,0.2101
7,21,0,0,0,4,0.2101
7,22,0,0,0,2,0.2101
7,23,0,0,0,2,0.2101
7,24,0,0,0,1,0.2101
7,25,0,0,0,2,0.2101
7,26,0,0,0,2,0.2101
7,27,0,0,0,1,0.2101
7,28,0,0,0,2,0.2101
7,29,0,0,0,2,0.2101
8,0,0,1,0,1,-1.0000
8,1,0,1,0,1,-1.0000
8,2,0,1,0,1,-1.0000
8,3,0,1,0,0,-1.0000
8,4,0,1,0,0,-1.0000
8,5,0,1,0,0,-1.0000
8,6,0,1,0,0,-1.0000
8,7,0,1,0,1,-1.0000
8,8,0,1,0,2,-1.0000
8,9,0,0,0,4,0.3145
8,10,0,0,0,4,0.2101
8,11,0,0,0,3,0.2101
8,12,0,0,0,1,0.2101
8,13,0,0,0,0,0.2101
8,14,0,0,0,1,0.2101
8,15,0,0,0,2,0.2101
8,16,0,0,0,4,0.2101
8,17,1,0,0,2,0.2101
8,18,0,0,0,3,0.2101
8,19,0,0,0,2,0.2101
8,20,0,0,0,2,0.2101
8,21,0,0,0,2,0.2101
8,22,1,0,0,1,0.2101
8,23,0,0,0,2,0.2101
8,24,0,0,0,1,0.2101
8,25,0,0,0,0,0.2101
8,26,0,0,0,0,0.2101
8,27,0,0,0,1,0.2101
8,28,0,0,0,2,0.2101
8,29,1,0,0,1,0.2101
9,0,0,1,0,0,-1.0000
9,1,0,1,0,0,-1.0000
9,2,0,1,0,0,-1.0000
9,3,0,1,0,0,-1.0000
9,4,0,1,0,0,-1.0000
9,5,0,1,0,0,-1.0000
9,6,0,1,0,0,-1.0000
9,7,0,1,0,2,-1.0000
9,8,1,0,0,1,1.0000
9,9,0,0,0,3,0.3712
9,10,1,0,0,1,0.0959
9,11,0,0,0,2,0.2101
9,12,0,0,0,1,0.2101
9,13,0,0,0,0,0.2101
9,14,0,0,0,1,0.2101
9,15,1,0,0,0,0.2101
9,16,1,0,0,1,0.2101
9,17,0,0,0,2,0.2101
9,18,0,0,0,3,0.2101
9,19,1,0,0,1,0.2101
9,20,0,0,0,3,0.2101
9,21,0,0,0,2,0.2101
9,22,0,0,0,4,0.2101
9,23,1,0,0,0,0.2101
9,24,0,0,0,2,0.2101
9,25,0,0,0,0,0.2101
9,26,0,0,0,0,0.2101
9,27,0,0,0,1,0.2101
9,28,1,0,0,0,0.2101
9,29,0,0,0,2,0.2101
10,0,0,1,0,0,-1.0000
10,1,0,1,0,1,-1.0000
10,2,0,1,0,1,-1.0000
10,3,0,1,0,2,-1.0000
10,4,0,1,0,2,-1.0000
10,5,0,1,0,2,-1.0000
10,6,0,1,0,2,-1.0000
10,7,0,1,0,3,-1.0000
10,8,1,0,0,0,1.0000
10,9,0,1,0,4,-1.0000
10,10,0,0,0,3,0.5327
10,11,1,0,0,0,0.7409
10,12,0,0,0,3,0.3332
10,13,0,0,0,2,0.2101
10,14,0,0,0,2,0.2101
10,15,0,0,0,2,0.2101
10,16,0,0,0,2,0.2101
10,17,0,0,0,1,0.2101
10,18,0,0,0,2,0.2101
10,19,1,0,0,0,0.2101
10,20,0,0,0,4,0.2101
10,21,1,0,0,2,0.2101
10,22,0,0,0,5,0.2101
10,23,1,0,0,1,0.2101
10,24,0,0,0,2,0.2101
10,25,0,0,0,0,0.2101
10,26,0,0,0,1,0.2101
10,27,0,0,0,2,0.2101
10,28,0,0,0,3,0.2101
10,29,0,0,0,2,0.2101
11,0,0,1,0,0,-1.0000
11,1,0,1,0,1,-1.0000
11,2,1,0,0,0,1.0000
11,3,0,1,0,2,-1.0000
11,4,1,0,0,1,1.0000
11,5,1,0,0,0,1.0000
11,6,0,1,0,2,-1.0000
11,7,1,0,0,1,1.0000
11,8,0,1,0,3,-1.0000
11,9,1,0,0,1,1.0000
11,10,0,1,0,3,-1.0000
11,11,0,1,0,3,-1.0000
11,12,1,0,0,1,0.3332
11,13,1,0,0,1,0.2101
11,14,0,0,0,1,0.2101
11,15,0,0,0,0,0.2101
11,16,0,0,0,0,0.2101
11,17,0,0,0,0,0.2101
11,18,0,0,0,1,0.2101
11,19,0,0,0,1,0.2101
11,20,0,0,0,3,0.2101
11,21,1,0,0,0,0.2101
11,22,1,0,0,2,0.2101
11,23,0,0,0,2,0.2101
11,24,0,0,0,1,0.2101
11,25,0,0,0,0,0.2101
11,26,0,0,0,1,0.2101
11,27,1,0,0,0,0.2101
11,28,0,0,0,4,0.2101
11,29,1,0,0,2,0.2101
12,0,0,1,0,0,-1.0000
12,1,0,1,0,1,-1.0000
12,2,0,1,0,1,-1.0000
12,3,0,1,0,3,-1.0000
12,4,0,1,0,3,-1.0000
12,5,0,1,0,3,-1.0000
12,6,0,1,0,2,-1.0000
12,7,0,1,0,1,-1.0000
12,8,0,1,0,2,-1.0000
12,9,0,1,0,1,-1.0000
12,10,0,1,0,2,-1.0000
12,11,1,0,0,1,0.7266
12,12,0,0,0,4,0.3332
12,13,0,0,0,3,0.2101
12,14,0,0,0,2,0.2101
12,15,0,0,0,0,0.2101
12,16,0,0,0,1,0.2101
12,17,0,0,0,1,0.2101
12,18,0,0,0,1,0.2101
12,19,0,0,0,0,0.2101
12,20,0,0,0,1,0.2101
12,21,0,0,0,3,0.2101
12,22,0,0,0,3,0.2101
12,23,0,0,0,2,0.2101
12,24,0,0,0,0,0.2101
12,25,0,0,0,0,0.2101
12,26,0,0,0,1,0.2101
12,27,0,0,0,2,0.2101
12,28,1,0,0,2,0.2101
12,29,1,0,0,0,0.2101
13,0,0,1,0,1,-1.0000
13,1,0,1,0,1,-1.0000
13,2,0,1,0,0,-1.0000
13,3,0,1,0,1,-1.0000
13,4,1,0,0,1,1.0000
13,5,0,1,0,2,-1.0000
13,6,0,1,0,1,-1.0000
13,7,0,1,0,0,-1.0000
13,8,0,1,0,0,-1.0000
13,9,0,1,0,1,-1.0000
13,10,0,1,0,3,-1.0000
13,11,0,0,0,3,0.2732
13,12,0,0,0,3,0.3634
13,13,1,0,0,0,0.3634
13,14,0,0,0,2,0.2730
13,15,0,0,0,1,0.2101
13,16,0,0,0,2,0.2101
13,17,1,0,0,0,0.2101
13,18,0,0,0,1,0.2101
13,19,0,0,0,0,0.2101
13,20,0,0,0,1,0.2101
13,21,0,0,0,3,0.2101
13,22,1,0,0,0,0.2101
13,23,0,0,0,3,0.2101
13,24,0,0,0,1,0.2101
13,25,0,0,0,0,0.2101
13,26,0,0,0,0,0.2101
13,27,0,0,0,1,0.2101
13,28,0,0,0,2,0.2101
13,29,0,0,0,2,0.2101
14,0,1,0,0,0,1.0000
14,1,0,1,0,1,-1.0000
14,2,0,1,0,0,-1.0000
14,3,0,1,0,1,-1.0000
14,4,0,1,0,3,-1.0000
14,5,1,0,0,0,1.0000
14,6,0,1,0,3,-1.0000
14,7,0,1,0,1,-1.0000
14,8,0,1,0,0,-1.0000
14,9,0,1,0,1,-1.0000
14,10,1,0,0,0,1.0000
14,11,1,0,0,1,1.0000
14,12,0,1,0,2,-1.0000
14,13,0,1,0,2,-1.0000
14,14,0,0,0,3,0.5000
14,15,1,0,0,0,0.2101
14,16,0,0,0,3,0.2101
14,17,0,0,0,2,0.2101
14,18,0,0,0,2,0.2101
14,19,0,0,0,0,0.2101
14,20,0,0,0,1,0.2101
14,21,1,0,0,2,0.2101
14,22,1,0,0,1,0.2101
14,23,1,0,0,2,0.2101
14,24,0,0,0,1,0.2101
14,25,0,0,0,1,0.2101
14,26,0,0,0,1,0.2101
14,27,0,0,0,1,0.2101
14,28,0,0,0,0,0.2101
14,29,0,0,0,0,0.2101
15,0,0,1,0,1,-1.0000
15,1,0,1,0,1,-1.0000
15,2,0,1,0,0,-1.0000
15,3,0,1,0,0,-1.0000
15,4,0,1,0,2,-1.0000
15,5,1,0,0,2,1.0000
15,6,1,0,0,1,1.0000
15,7,0,1,0,1,-1.0000
15,8,0,1,0,0,-1.0000
15,9,0,1,0,1,-1.0000
15,10,0,1,0,2,-1.0000
15,11,0,1,0,2,-1.0000
15,12,0,1,0,1,-1.0000
15,13,0,1,0,1,-1.0000
15,14,1,0,0,1,0.5000
15,15,0,0,0,2,0.2101
15,16,0,0,0,2,0.2101
15,17,1,0,0,0,0.2101
15,18,0,0,0,1,0.2101
15,19,0,0,0,0,0.2101
15,20,0,0,0,1,0.2101
15,21,0,0,0,2,0.2101
15,22,0,0,0,3,0.2101
15,23,0,0,0,2,0.2101
15,24,0,0,0,1,0.2101
15,25,0,0,0,1,0.2101
15,26,1,0,0,0,0.2101
15,27,0,0,0,1,0.2101
15,28,0,0,0,0,0.2101
15,29,0,0,0,0,0.2101
