Outcome: lose
Spanning Area: 54
Rows: 16, Cols: 30, Mines: 99
Clicked Mine: (0, 11)
Last Move Prob: 0.20288714204221445
Last Move Entropy: 0.20288714204221445
Game Seed: 1392239675

0,0,0,1,0,0,-1.0000
0,1,0,1,0,0,-1.0000
0,2,0,1,0,1,-1.0000
0,3,1,0,0,0,1.0000
0,4,0,1,0,2,-1.0000
0,5,0,0,0,2,0.4657
0,6,0,1,0,2,-1.0000
0,7,0,1,0,2,-1.0000
0,8,0,0,0,1,0.5113
0,9,0,1,0,2,-1.0000
0,10,1,0,0,0,0.3257
0,11,1,0,0,1,0.2029
0,12,0,0,0,1,0.2029
0,13,0,0,0,0,0.2029
0,14,0,0,0,0,0.2029
0,15,0,0,0,0,0.2029
0,16,0,0,0,0,0.2029
0,17,0,0,0,0,0.2029
0,18,0,0,0,0,0.2029
0,19,0,0,0,0,0.2029
0,20,0,0,0,0,0.2029
0,21,0,0,0,0,0.2029
0,22,0,0,0,0,0.2029
0,23,0,0,0,0,0.2029
0,24,0,0,0,1,0.2029
0,25,1,0,0,0,0.2029
0,26,1,0,0,1,0.2029
0,27,0,0,0,2,0.2029
0,28,0,0,0,2,0.2029
0,29,1,0,0,1,0.2029
1,0,0,1,0,1,-1.0000
1,1,0,1,0,2,-1.0000
1,2,0,1,0,2,-1.0000
1,3,0,1,0,2,-1.0000
1,4,0,1,0,2,-1.0000
1,5,1,0,0,1,0.5344
1,6,1,0,0,0,0.7159
1,7,0,0,0,3,0.2627
1,8,1,0,0,1,0.5113
1,9,0,0,0,3,0.3257
1,10,0,0,0,3,0.3257
1,11,0,0,0,2,0.2029
1,12,0,0,0,1,0.2029
1,13,0,0,0,0,0.2029
1,14,0,0,0,0,0.2029
1,15,0,0,0,0,0.2029
1,16,0,0,0,0,0.2029
1,17,0,0,0,1,0.2029
1,18,0,0,0,1,0.2029
1,19,0,0,0,1,0.2029
1,20,0,0,0,0,0.2029
1,21,0,0,0,1,0.2029
1,22,0,0,0,2,0.2029
1,23,0,0,0,2,0.2029
1,24,0,0,0,3,0.2029
1,25,0,0,0,3,0.2029
1,26,0,0,0,3,0.2029
1,27,0,0,0,2,0.2029
1,28,1,0,0,0,0.2029
1,29,0,0,0,2,0.2029
2,0,1,0,0,0,1.0000
2,1,0,1,0,3,-1.0000
2,2,1,0,0,0,1.0000
2,3,0,1,0,1,-1.0000
2,4,0,1,0,1,-1.0000
2,5,0,1,0,3,-1.0000
2,6,0,0,0,4,0.6429
2,7,1,0,0,2,0.2029
2,8,0,0,0,4,0.2029
2,9,1,0,0,0,0.2029
2,10,0,0,0,2,0.2029
2,11,0,0,0,0,0.2029
2,12,0,0,0,0,0.2029
2,13,0,0,0,1,0.2029
2,14,0,0,0,1,0.2029
2,15,0,0,0,1,0.2029
2,16,0,0,0,1,0.2029
2,17,0,0,0,2,0.2029
2,18,1,0,0,0,0.2029
2,19,0,0,0,1,0.2029
2,20,0,0,0,1,0.2029
2,21,0,0,0,2,0.2029
2,22,1,0,0,1,0.2029
2,23,1,0,0,2,0.2029
2,24,0,0,0,3,0.2029
2,25,1,0,0,0,0.2029
2,26,0,0,0,1,0.2029
2,27,0,0,0,2,0.2029
2,28,0,0,0,3,0.2029
2,29,0,0,0,3,0.2029
3,0,1,0,0,1,1.0000
3,1,0,1,0,3,-1.0000
3,2,0,1,0,1,-1.0000
3,3,0,1,0,1,-1.0000
3,4,0,1,0,1,-1.0000
3,5,0,0,0,3,0.4637
3,6,1,0,0,2,0.6429
3,7,0,0,0,3,0.2029
3,8,0,0,0,3,0.2029
3,9,1,0,0,2,0.2029
3,10,0,0,0,3,0.2029
3,11,0,0,0,1,0.2029
3,12,0,0,0,1,0.2029
3,13,0,0,0,2,0.2029
3,14,1,0,0,1,0.2029
3,15,0,0,0,1,0.2029
3,16,0,0,0,1,0.2029
3,17,1,0,0,1,0.2029
3,18,0,0,0,2,0.2029
3,19,0,0,0,2,0.2029
3,20,0,0,0,2,0.2029
3,21,1,0,0,0,0.2029
3,22,0,0,0,4,0.2029
3,23,0,0,0,4,0.2029
3,24,1,0,0,2,0.2029
3,25,0,0,0,3,0.2029
3,26,0,0,0,2,0.2029
3,27,0,0,0,1,0.2029
3,28,1,0,0,0,0.2029
3,29,1,0,0,1,0.2029
4,0,0,1,0,1,-1.0000
4,1,0,1,0,1,-1.0000
4,2,0,1,0,0,-1.0000
4,3,0,1,0,1,-1.0000
4,4,0,1,0,2,-1.0000
4,5,1,0,0,3,0.5363
4,6,1,0,0,0,0.3095
4,7,0,0,0,2,0.2029
4,8,0,0,0,1,0.2029
4,9,0,0,0,2,0.2029
4,10,1,0,0,0,0.2029
4,11,0,0,0,3,0.2029
4,12,0,0,0,3,0.2029
4,13,1,0,0,1,0.2029
4,14,0,0,0,3,0.2029
4,15,0,0,0,2,0.2029
4,16,0,0,0,1,0.2029
4,17,0,0,0,1,0.2029
4,18,0,0,0,1,0.2029
4,19,0,0,0,2,0.2029
4,20,1,0,0,1,0.2029
4,21,0,0,0,3,0.2029
4,22,0,0,0,2,0.2029
4,23,1,0,0,0,0.2029
4,24,0,0,0,3,0.2029
4,25,1,0,0,1,0.2029
4,26,0,0,0,1,0.2029
4,27,0,0,0,2,0.2029
4,28,0,0,0,3,0.2029
4,29,0,0,0,3,0.2029
5,0,0,1,0,0,-1.0000
5,1,0,1,0,0,-1.0000
5,2,0,1,0,0,-1.0000
5,3,0,1,0,1,-1.0000
5,4,1,0,0,0,1.0000
5,5,0,1,0,3,-1.0000
5,6,0,0,0,3,0.3095
5,7,0,0,0,2,0.2029
5,8,0,0,0,2,0.2029
5,9,0,0,0,3,0.2029
5,10,0,0,0,4,0.2029
5,11,1,0,0,3,0.2029
5,12,1,0,0,0,0.2029
5,13,0,0,0,4,0.2029
5,14,1,0,0,2,0.2029
5,15,0,0,0,2,0.2029
5,16,0,0,0,0,0.2029
5,17,0,0,0,0,0.2029
5,18,0,0,0,0,0.2029
5,19,0,0,0,2,0.2029
5,20,1,0,0,1,0.2029
5,21,0,0,0,2,0.2029
5,22,0,0,0,1,0.2029
5,23,0,0,0,1,0.2029
5,24,0,0,0,2,0.2029
5,25,0,0,0,1,0.2029
5,26,0,0,0,1,0.2029
5,27,0,0,0,1,0.2029
5,28,1,0,0,0,0.2029
5,29,0,0,0,1,0.2029
6,0,0,1,0,0,-1.0000
6,1,0,1,0,0,-1.0000
6,2,0,1,0,0,-1.0000
6,3,0,1,0,1,-1.0000
6,4,0,1,0,2,-1.0000
6,5,0,0,0,2,0.5353
6,6,0,0,0,2,0.3095
6,7,1,0,0,0,0.2029
6,8,0,0,0,2,0.2029
6,9,1,0,0,1,0.2029
6,10,1,0,0,0,0.2029
6,11,0,0,0,3,0.2029
6,12,0,0,0,3,0.2029
6,13,0,0,0,4,0.2029
6,14,1,0,0,0,0.2029
6,15,0,0,0,2,0.2029
6,16,0,0,0,0,0.2029
6,17,0,0,0,0,0.2029
6,18,0,0,0,1,0.2029
6,19,0,0,0,2,0.2029
6,20,0,0,0,2,0.2029
6,21,0,0,0,1,0.2029
6,22,0,0,0,0,0.2029
6,23,0,0,0,0,0.2029
6,24,0,0,0,1,0.2029
6,25,0,0,0,1,0.2029
6,26,0,0,0,1,0.2029
6,27,0,0,0,1,0.2029
6,28,0,0,0,1,0.2029
6,29,0,0,0,1,0.2029
7,0,0,1,0,0,-1.0000
7,1,0,1,0,0,-1.0000
7,2,0,1,0,0,-1.0000
7,3,0,1,0,0,-1.0000
7,4,0,1,0,1,-1.0000
7,5,1,0,0,0,0.4647
7,6,0,0,0,3,0.3333
7,7,0,0,0,3,0.2029
7,8,0,0,0,4,0.2029
7,9,0,0,0,3,0.2029
7,10,0,0,0,2,0.2029
7,11,0,0,0,1,0.2029
7,12,0,0,0,1,0.2029
7,13,1,0,0,2,0.2029
7,14,0,0,0,3,0.2029
7,15,0,0,0,3,0.2029
7,16,0,0,0,2,0.2029
7,17,0,0,0,3,0.2029
7,18,0,0,0,4,0.2029
7,19,1,0,0,0,0.2029
7,20,0,0,0,2,0.2029
7,21,0,0,0,1,0.2029
7,22,0,0,0,1,0.2029
7,23,0,0,0,2,0.2029
7,24,0,0,0,3,0.2029
7,25,1,0,0,2,0.2029
7,26,0,0,0,2,0.2029
7,27,0,0,0,0,0.2029
7,28,0,0,0,0,0.2029
7,29,0,0,0,0,0.2029
8,0,0,1,0,0,-1.0000
8,1,0,1,0,0,-1.0000
8,2,0,1,0,0,-1.0000
8,3,0,1,0,0,-1.0000
8,4,0,1,0,1,-1.0000
8,5,0,1,0,2,-1.0000
8,6,0,0,0,3,0.3333
8,7,1,0,0,3,0.2029
8,8,1,0,0,0,0.2029
8,9,0,0,0,2,0.2029
8,10,0,0,0,0,0.2029
8,11,0,0,0,0,0.2029
8,12,0,0,0,1,0.2029
8,13,0,0,0,2,0.2029
8,14,1,0,0,0,0.2029
8,15,0,0,0,2,0.2029
8,16,1,0,0,1,0.2029
8,17,1,0,0,0,0.2029
8,18,1,0,0,2,0.2029
8,19,1,0,0,2,0.2029
8,20,0,0,0,2,0.2029
8,21,0,0,0,1,0.2029
8,22,1,0,0,0,0.2029
8,23,0,0,0,2,0.2029
8,24,1,0,0,0,0.2029
8,25,1,0,0,1,0.2029
8,26,0,0,0,2,0.2029
8,27,0,0,0,0,0.2029
8,28,0,0,0,0,0.2029
8,29,0,0,0,0,0.2029
9,0,0,1,0,1,-1.0000
9,1,0,1,0,1,-1.0000
9,2,0,1,0,1,-1.0000
9,3,0,1,0,2,-1.0000
9,4,0,1,0,3,-1.0000
9,5,0,0,0,3,0.5353
9,6,1,0,0,0,0.3333
9,7,0,0,0,4,0.2029
9,8,1,0,0,1,0.2029
9,9,0,0,0,2,0.2029
9,10,0,0,0,0,0.2029
9,11,0,0,0,0,0.2029
9,12,0,0,0,0,0.2029
9,13,0,0,0,1,0.2029
9,14,0,0,0,1,0.2029
9,15,0,0,0,3,0.2029
9,16,0,0,0,3,0.2029
9,17,0,0,0,5,0.2029
9,18,0,0,0,4,0.2029
9,19,0,0,0,3,0.2029
9,20,0,0,0,1,0.2029
9,21,0,0,0,2,0.2029
9,22,0,0,0,3,0.2029
9,23,0,0,0,4,0.2029
9,24,0,0,0,3,0.2029
9,25,0,0,0,2,0.2029
9,26,0,0,0,1,0.2029
9,27,0,0,0,0,0.2029
9,28,0,0,0,1,0.2029
9,29,0,0,0,1,0.2029
10,0,1,0,0,1,1.0000
10,1,0,1,0,2,-1.0000
10,2,0,1,0,2,-1.0000
10,3,1,0,0,0,1.0000
10,4,1,0,0,2,1.0000
10,5,1,0,0,1,0.4647
10,6,0,0,0,2,0.2029
10,7,0,0,0,2,0.2029
10,8,0,0,0,1,0.2029
10,9,0,0,0,2,0.2029
10,10,0,0,0,1,0.2029
10,11,0,0,0,1,0.2029
10,12,0,0,0,0,0.2029
10,13,0,0,0,0,0.2029
10,14,0,0,0,0,0.2029
10,15,0,0,0,1,0.2029
10,16,1,0,0,0,0.2029
10,17,0,0,0,2,0.2029
10,18,1,0,0,0,0.2029
10,19,0,0,0,1,0.2029
10,20,0,0,0,0,0.2029
10,21,0,0,0,1,0.2029
10,22,1,0,0,1,0.2029
10,23,1,0,0,0,0.2029
10,24,0,0,0,2,0.2029
10,25,0,0,0,1,0.2029
10,26,0,0,0,1,0.2029
10,27,0,0,0,2,0.2029
10,28,0,0,0,3,0.2029
10,29,1,0,0,0,0.2029
11,0,0,0,0,2,0.2755
11,1,1,0,0,0,0.3623
11,2,0,0,0,2,0.3623
11,3,0,0,0,2,0.2755
11,4,0,0,0,4,0.2029
11,5,0,0,0,4,0.2029
11,6,0,0,0,3,0.2029
11,7,0,0,0,1,0.2029
11,8,0,0,0,0,0.2029
11,9,0,0,0,2,0.2029
11,10,1,0,0,1,0.2029
11,11,0,0,0,2,0.2029
11,12,0,0,0,0,0.2029
11,13,0,0,0,1,0.2029
11,14,0,0,0,1,0.2029
11,15,0,0,0,3,0.2029
11,16,0,0,0,2,0.2029
11,17,0,0,0,3,0.2029
11,18,0,0,0,1,0.2029
11,19,0,0,0,2,0.2029
11,20,0,0,0,1,0.2029
11,21,0,0,0,2,0.2029
11,22,0,0,0,2,0.2029
11,23,0,0,0,3,0.2029
11,24,1,0,0,1,0.2029
11,25,0,0,0,1,0.2029
11,26,0,0,0,1,0.2029
11,27,1,0,0,0,0.2029
11,28,1,0,0,2,0.2029
11,29,0,0,0,2,0.2029
12,0,0,0,0,1,0.2029
12,1,0,0,0,1,0.2029
12,2,0,0,0,2,0.2029
12,3,0,0,0,1,0.2029
12,4,0,0,0,2,0.2029
12,5,1,0,0,0,0.2029
12,6,1,0,0,1,0.2029
12,7,0,0,0,1,0.2029
12,8,0,0,0,0,0.2029
12,9,0,0,0,2,0.2029
12,10,1,0,0,0,0.2029
12,11,0,0,0,2,0.2029
12,12,0,0,0,0,0.2029
12,13,0,0,0,1,0.2029
12,14,1,0,0,1,0.2029
12,15,0,0,0,4,0.2029
12,16,1,0,0,1,0.2029
12,17,0,0,0,2,0.2029
12,18,0,0,0,0,0.2029
12,19,0,0,0,1,0.2029
12,20,1,0,0,0,0.2029
12,21,0,0,0,1,0.2029
12,22,0,0,0,0,0.2029
12,23,0,0,0,1,0.2029
12,24,0,0,0,1,0.2029
12,25,0,0,0,2,0.2029
12,26,0,0,0,2,0.2029
12,27,0,0,0,4,0.2029
12,28,0,0,0,3,0.2029
12,29,0,0,0,2,0.2029
13,0,0,0,0,1,0.2029
13,1,0,0,0,1,0.2029
13,2,0,0,0,1,0.2029
13,3,1,0,0,0,0.2029
13,4,0,0,0,3,0.2029
13,5,0,0,0,4,0.2029
13,6,0,0,0,4,0.2029
13,7,0,0,0,2,0.2029
13,8,0,0,0,0,0.2029
13,9,0,0,0,1,0.2029
13,10,0,0,0,1,0.2029
13,11,0,0,0,1,0.2029
13,12,0,0,0,0,0.2029
13,13,0,0,0,2,0.2029
13,14,0,0,0,3,0.2029
13,15,1,0,0,0,0.2029
13,16,1,0,0,3,0.2029
13,17,0,0,0,3,0.2029
13,18,0,0,0,1,0.2029
13,19,0,0,0,1,0.2029
13,20,0,0,0,1,0.2029
13,21,0,0,0,1,0.2029
13,22,0,0,0,0,0.2029
13,23,0,0,0,1,0.2029
13,24,0,0,0,1,0.2029
13,25,0,0,0,2,0.2029
13,26,1,0,0,0,0.2029
13,27,0,0,0,3,0.2029
13,28,1,0,0,0,0.2029
13,29,0,0,0,1,0.2029
14,0,1,0,0,0,0.2029
14,1,0,0,0,2,0.2029
14,2,0,0,0,2,0.2029
14,3,0,0,0,3,0.2029
14,4,0,0,0,3,0.2029
14,5,1,0,0,0,0.2029
14,6,1,0,0,2,0.2029
14,7,0,0,0,2,0.2029
14,8,0,0,0,1,0.2029
14,9,0,0,0,0,0.2029
14,10,0,0,0,1,0.2029
14,11,0,0,0,1,0.2029
14,12,0,0,0,2,0.2029
14,13,0,0,0,2,0.2029
14,14,1,0,0,1,0.2029
14,15,0,0,0,3,0.2029
14,16,0,0,0,3,0.2029
14,17,1,0,0,0,0.2029
14,18,0,0,0,2,0.2029
14,19,0,0,0,1,0.2029
14,20,0,0,0,1,0.2029
14,21,0,0,0,1,0.2029
14,22,0,0,0,1,0.2029
14,23,0,0,0,2,0.2029
14,24,1,0,0,0,0.2029
14,25,0,0,0,2,0.2029
14,26,0,0,0,2,0.2029
14,27,1,0,0,2,0.2029
14,28,0,0,0,2,0.2029
14,29,0,0,0,1,0.2029
15,0,0,0,0,1,0.2029
15,1,0,0,0,2,0.2029
15,2,1,0,0,0,0.2029
15,3,0,0,0,2,0.2029
15,4,1,0,0,1,0.2029
15,5,0,0,0,3,0.2029
15,6,0,0,0,3,0.2029
15,7,1,0,0,0,0.2029
15,8,0,0,0,1,0.2029
15,9,0,0,0,0,0.2029
15,10,0,0,0,1,0.2029
15,11,1,0,0,0,0.2029
15,12,0,0,0,2,0.2029
15,13,1,0,0,1,0.2029
15,14,0,0,0,2,0.2029
15,15,0,0,0,1,0.2029
15,16,0,0,0,1,0.2029
15,17,0,0,0,1,0.2029
15,18,0,0,0,2,0.2029
15,19,1,0,0,0,0.2029
15,20,0,0,0,1,0.2029
15,21,0,0,0,1,0.2029
15,22,1,0,0,0,0.2029
15,23,0,0,0,2,0.2029
15,24,0,0,0,1,0.2029
15,25,0,0,0,1,0.2029
15,26,0,0,0,1,0.2029
15,27,0,0,0,1,0.2029
15,28,0,0,0,1,0.2029
15,29,0,0,0,0,0.2029
