Outcome: lose
Spanning Area: 33
Rows: 16, Cols: 30, Mines: 99
Clicked Mine: (5, 9)
Last Move Prob: 0.08054141866974156
Last Move Entropy: 0.08054141866974156
Game Seed: 1553210608

0,0,0,1,0,0,-1.0000
0,1,0,1,0,0,-1.0000
0,2,0,1,0,0,-1.0000
0,3,0,1,0,0,-1.0000
0,4,0,1,0,0,-1.0000
0,5,0,1,0,0,-1.0000
0,6,0,1,0,0,-1.0000
0,7,0,1,0,1,-1.0000
0,8,1,0,0,0,1.0000
0,9,0,0,0,1,0.2378
0,10,0,0,0,0,0.2076
0,11,0,0,0,1,0.2076
0,12,1,0,0,0,0.2076
0,13,0,0,0,1,0.2076
0,14,0,0,0,0,0.2076
0,15,0,0,0,0,0.2076
0,16,0,0,0,0,0.2076
0,17,0,0,0,0,0.2076
0,18,0,0,0,1,0.2076
0,19,0,0,0,3,0.2076
0,20,1,0,0,0,0.2076
0,21,0,0,0,2,0.2076
0,22,0,0,0,0,0.2076
0,23,0,0,0,1,0.2076
0,24,1,0,0,0,0.2076
0,25,0,0,0,1,0.2076
0,26,0,0,0,0,0.2076
0,27,0,0,0,0,0.2076
0,28,0,0,0,0,0.2076
0,29,0,0,0,0,0.2076
1,0,0,1,0,1,-1.0000
1,1,0,1,0,2,-1.0000
1,2,0,1,0,1,-1.0000
1,3,0,1,0,2,-1.0000
1,4,0,1,0,1,-1.0000
1,5,0,1,0,1,-1.0000
1,6,0,1,0,0,-1.0000
1,7,0,1,0,1,-1.0000
1,8,0,1,0,2,-1.0000
1,9,0,0,0,2,0.2353
1,10,0,0,0,1,0.2076
1,11,0,0,0,1,0.2076
1,12,0,0,0,2,0.2076
1,13,0,0,0,3,0.2076
1,14,0,0,0,2,0.2076
1,15,0,0,0,1,0.2076
1,16,0,0,0,0,0.2076
1,17,0,0,0,0,0.2076
1,18,0,0,0,1,0.2076
1,19,1,0,0,1,0.2076
1,20,1,0,0,3,0.2076
1,21,0,0,0,3,0.2076
1,22,0,0,0,0,0.2076
1,23,0,0,0,2,0.2076
1,24,0,0,0,2,0.2076
1,25,0,0,0,2,0.2076
1,26,0,0,0,0,0.2076
1,27,0,0,0,0,0.2076
1,28,0,0,0,0,0.2076
1,29,0,0,0,0,0.2076
2,0,1,0,0,1,1.0000
2,1,0,1,0,4,-1.0000
2,2,1,0,0,0,1.0000
2,3,0,1,0,4,-1.0000
2,4,1,0,0,2,1.0000
2,5,0,1,0,2,-1.0000
2,6,0,1,0,0,-1.0000
2,7,0,1,0,0,-1.0000
2,8,0,1,0,1,-1.0000
2,9,1,0,0,0,0.5256
2,10,0,0,0,2,0.2076
2,11,0,0,0,1,0.2076
2,12,0,0,0,3,0.2076
2,13,1,0,0,0,0.2076
2,14,1,0,0,1,0.2076
2,15,0,0,0,3,0.2076
2,16,0,0,0,2,0.2076
2,17,0,0,0,1,0.2076
2,18,0,0,0,1,0.2076
2,19,0,0,0,3,0.2076
2,20,1,0,0,1,0.2076
2,21,0,0,0,2,0.2076
2,22,0,0,0,0,0.2076
2,23,0,0,0,1,0.2076
2,24,1,0,0,0,0.2076
2,25,0,0,0,1,0.2076
2,26,0,0,0,0,0.2076
2,27,0,0,0,0,0.2076
2,28,0,0,0,0,0.2076
2,29,0,0,0,0,0.2076
3,0,1,0,0,0,0.6266
3,1,1,0,0,4,0.6266
3,2,0,0,0,4,0.7485
3,3,1,0,0,2,0.2493
3,4,1,0,0,0,1.0000
3,5,0,1,0,2,-1.0000
3,6,0,1,0,0,-1.0000
3,7,0,1,0,0,-1.0000
3,8,0,1,0,1,-1.0000
3,9,0,0,0,2,0.2372
3,10,0,0,0,4,0.2076
3,11,1,0,0,0,0.2076
3,12,0,0,0,4,0.2076
3,13,1,0,0,2,0.2076
3,14,0,0,0,4,0.2076
3,15,1,0,0,1,0.2076
3,16,1,0,0,1,0.2076
3,17,0,0,0,1,0.2076
3,18,0,0,0,0,0.2076
3,19,0,0,0,1,0.2076
3,20,0,0,0,1,0.2076
3,21,0,0,0,2,0.2076
3,22,0,0,0,1,0.2076
3,23,0,0,0,2,0.2076
3,24,0,0,0,1,0.2076
3,25,0,0,0,1,0.2076
3,26,0,0,0,0,0.2076
3,27,0,0,0,0,0.2076
3,28,0,0,0,1,0.2076
3,29,0,0,0,1,0.2076
4,0,0,0,0,4,0.2076
4,1,1,0,0,2,0.2076
4,2,0,0,0,4,0.2076
4,3,0,0,0,2,0.1577
4,4,0,1,0,2,-1.0000
4,5,0,1,0,2,-1.0000
4,6,0,1,0,1,-1.0000
4,7,0,1,0,1,-1.0000
4,8,0,1,0,1,-1.0000
4,9,0,0,0,2,0.2397
4,10,1,0,0,2,0.2076
4,11,1,0,0,4,0.2076
4,12,0,0,0,5,0.2076
4,13,0,0,0,2,0.2076
4,14,0,0,0,2,0.2076
4,15,0,0,0,2,0.2076
4,16,0,0,0,2,0.2076
4,17,0,0,0,1,0.2076
4,18,0,0,0,0,0.2076
4,19,0,0,0,0,0.2076
4,20,0,0,0,0,0.2076
4,21,0,0,0,1,0.2076
4,22,1,0,0,0,0.2076
4,23,0,0,0,2,0.2076
4,24,0,0,0,1,0.2076
4,25,0,0,0,0,0.2076
4,26,0,0,0,0,0.2076
4,27,0,0,0,0,0.2076
4,28,0,0,0,1,0.2076
4,29,1,0,0,0,0.2076
5,0,0,0,0,2,0.2076
5,1,1,0,0,0,0.2076
5,2,0,0,0,2,0.2076
5,3,0,0,0,1,0.1577
5,4,0,0,0,1,0.2212
5,5,0,0,0,2,0.2172
5,6,1,0,0,0,0.5601
5,7,0,0,0,2,0.2192
5,8,0,0,0,2,0.2232
5,9,1,0,0,2,0.0805
5,10,0,0,0,4,0.2076
5,11,1,0,0,0,0.2076
5,12,1,0,0,1,0.2076
5,13,0,0,0,2,0.2076
5,14,0,0,0,1,0.2076
5,15,0,0,0,1,0.2076
5,16,0,0,0,0,0.2076
5,17,0,0,0,0,0.2076
5,18,0,0,0,0,0.2076
5,19,0,0,0,0,0.2076
5,20,0,0,0,0,0.2076
5,21,0,0,0,1,0.2076
5,22,0,0,0,2,0.2076
5,23,1,0,0,1,0.2076
5,24,0,0,0,1,0.2076
5,25,0,0,0,0,0.2076
5,26,0,0,0,0,0.2076
5,27,0,0,0,0,0.2076
5,28,0,0,0,1,0.2076
5,29,0,0,0,1,0.2076
6,0,0,0,0,1,0.2076
6,1,0,0,0,1,0.2076
6,2,0,0,0,2,0.2076
6,3,0,0,0,2,0.2076
6,4,1,0,0,0,0.2076
6,5,0,0,0,2,0.2076
6,6,0,0,0,1,0.2076
6,7,0,0,0,2,0.2076
6,8,1,0,0,0,0.2076
6,9,0,0,0,2,0.2076
6,10,0,0,0,2,0.2076
6,11,0,0,0,2,0.2076
6,12,0,0,0,2,0.2076
6,13,0,0,0,2,0.2076
6,14,1,0,0,0,0.2076
6,15,0,0,0,1,0.2076
6,16,0,0,0,0,0.2076
6,17,0,0,0,0,0.2076
6,18,0,0,0,0,0.2076
6,19,0,0,0,0,0.2076
6,20,0,0,0,1,0.2076
6,21,0,0,0,1,0.2076
6,22,0,0,0,2,0.2076
6,23,0,0,0,2,0.2076
6,24,0,0,0,2,0.2076
6,25,0,0,0,1,0.2076
6,26,0,0,0,0,0.2076
6,27,0,0,0,0,0.2076
6,28,0,0,0,0,0.2076
6,29,0,0,0,0,0.2076
7,0,0,0,0,0,0.2076
7,1,0,0,0,0,0.2076
7,2,0,0,0,1,0.2076
7,3,1,0,0,1,0.2076
7,4,0,0,0,2,0.2076
7,5,0,0,0,2,0.2076
7,6,0,0,0,1,0.2076
7,7,0,0,0,2,0.2076
7,8,0,0,0,2,0.2076
7,9,0,0,0,3,0.2076
7,10,0,0,0,2,0.2076
7,11,0,0,0,2,0.2076
7,12,0,0,0,1,0.2076
7,13,0,0,0,2,0.2076
7,14,0,0,0,1,0.2076
7,15,0,0,0,2,0.2076
7,16,0,0,0,1,0.2076
7,17,0,0,0,1,0.2076
7,18,0,0,0,0,0.2076
7,19,0,0,0,0,0.2076
7,20,0,0,0,2,0.2076
7,21,1,0,0,1,0.2076
7,22,0,0,0,3,0.2076
7,23,0,0,0,2,0.2076
7,24,1,0,0,0,0.2076
7,25,0,0,0,2,0.2076
7,26,0,0,0,1,0.2076
7,27,0,0,0,1,0.2076
7,28,0,0,0,1,0.2076
7,29,0,0,0,1,0.2076
8,0,0,0,0,0,0.2076
8,1,0,0,0,0,0.2076
8,2,0,0,0,1,0.2076
8,3,0,0,0,1,0.2076
8,4,0,0,0,1,0.2076
8,5,0,0,0,1,0.2076
8,6,1,0,0,0,0.2076
8,7,0,0,0,1,0.2076
8,8,0,0,0,1,0.2076
8,9,1,0,0,1,0.2076
8,10,1,0,0,0,0.2076
8,11,0,0,0,3,0.2076
8,12,1,0,0,1,0.2076
8,13,0,0,0,2,0.2076
8,14,0,0,0,0,0.2076
8,15,0,0,0,1,0.2076
8,16,1,0,0,0,0.2076
8,17,0,0,0,3,0.2076
8,18,0,0,0,2,0.2076
8,19,0,0,0,2,0.2076
8,20,0,0,0,3,0.2076
8,21,1,0,0,1,0.2076
8,22,0,0,0,3,0.2076
8,23,1,0,0,1,0.2076
8,24,0,0,0,3,0.2076
8,25,1,0,0,1,0.2076
8,26,0,0,0,1,0.2076
8,27,0,0,0,1,0.2076
8,28,1,0,0,0,0.2076
8,29,0,0,0,1,0.2076
9,0,0,0,0,0,0.2076
9,1,0,0,0,0,0.2076
9,2,0,0,0,1,0.2076
9,3,0,0,0,1,0.2076
9,4,0,0,0,1,0.2076
9,5,0,0,0,1,0.2076
9,6,0,0,0,2,0.2076
9,7,0,0,0,2,0.2076
9,8,0,0,0,2,0.2076
9,9,0,0,0,2,0.2076
9,10,0,0,0,2,0.2076
9,11,0,0,0,3,0.2076
9,12,1,0,0,0,0.2076
9,13,0,0,0,3,0.2076
9,14,0,0,0,1,0.2076
9,15,0,0,0,2,0.2076
9,16,0,0,0,3,0.2076
9,17,1,0,0,4,0.2076
9,18,1,0,0,2,0.2076
9,19,0,0,0,4,0.2076
9,20,1,0,0,1,0.2076
9,21,0,0,0,4,0.2076
9,22,0,0,0,4,0.2076
9,23,0,0,0,3,0.2076
9,24,0,0,0,3,0.2076
9,25,0,0,0,1,0.2076
9,26,0,0,0,1,0.2076
9,27,0,0,0,1,0.2076
9,28,0,0,0,1,0.2076
9,29,0,0,0,1,0.2076
10,0,0,0,0,2,0.2076
10,1,0,0,0,2,0.2076
10,2,0,0,0,2,0.2076
10,3,1,0,0,0,0.2076
10,4,0,0,0,1,0.2076
10,5,0,0,0,0,0.2076
10,6,0,0,0,1,0.2076
10,7,1,0,0,0,0.2076
10,8,0,0,0,1,0.2076
10,9,0,0,0,1,0.2076
10,10,0,0,0,1,0.2076
10,11,0,0,0,2,0.2076
10,12,0,0,0,1,0.2076
10,13,0,0,0,2,0.2076
10,14,1,0,0,0,0.2076
10,15,0,0,0,2,0.2076
10,16,0,0,0,4,0.2076
10,17,1,0,0,2,0.2076
10,18,1,0,0,0,0.2076
10,19,0,0,0,5,0.2076
10,20,1,0,0,0,0.2076
10,21,0,0,0,3,0.2076
10,22,1,0,0,1,0.2076
10,23,1,0,0,0,0.2076
10,24,0,0,0,2,0.2076
10,25,0,0,0,1,0.2076
10,26,0,0,0,1,0.2076
10,27,0,0,0,0,0.2076
10,28,0,0,0,1,0.2076
10,29,0,0,0,1,0.2076
11,0,1,0,0,1,0.2076
11,1,1,0,0,0,0.2076
11,2,0,0,0,3,0.2076
11,3,0,0,0,2,0.2076
11,4,0,0,0,1,0.2076
11,5,0,0,0,0,0.2076
11,6,0,0,0,1,0.2076
11,7,0,0,0,1,0.2076
11,8,0,0,0,1,0.2076
11,9,0,0,0,1,0.2076
11,10,1,0,0,0,0.2076
11,11,0,0,0,1,0.2076
11,12,0,0,0,1,0.2076
11,13,0,0,0,2,0.2076
11,14,0,0,0,2,0.2076
11,15,0,0,0,2,0.2076
11,16,1,0,0,2,0.2076
11,17,1,0,0,1,0.2076
11,18,0,0,0,4,0.2076
11,19,1,0,0,2,0.2076
11,20,0,0,0,2,0.2076
11,21,0,0,0,2,0.2076
11,22,0,0,0,3,0.2076
11,23,0,0,0,3,0.2076
11,24,0,0,0,4,0.2076
11,25,1,0,0,1,0.2076
11,26,0,0,0,3,0.2076
11,27,0,0,0,1,0.2076
11,28,0,0,0,2,0.2076
11,29,1,0,0,0,0.2076
12,0,0,0,0,2,0.2076
12,1,0,0,0,3,0.2076
12,2,1,0,0,2,0.2076
12,3,0,0,0,3,0.2076
12,4,0,0,0,2,0.2076
12,5,0,0,0,1,0.2076
12,6,0,0,0,0,0.2076
12,7,0,0,0,0,0.2076
12,8,0,0,0,0,0.2076
12,9,0,0,0,1,0.2076
12,10,0,0,0,1,0.2076
12,11,0,0,0,1,0.2076
12,12,0,0,0,2,0.2076
12,13,1,0,0,0,0.2076
12,14,0,0,0,2,0.2076
12,15,0,0,0,1,0.2076
12,16,0,0,0,3,0.2076
12,17,0,0,0,3,0.2076
12,18,0,0,0,3,0.2076
12,19,0,0,0,1,0.2076
12,20,0,0,0,1,0.2076
12,21,0,0,0,1,0.2076
12,22,0,0,0,2,0.2076
12,23,1,0,0,0,0.2076
12,24,0,0,0,4,0.2076
12,25,1,0,0,1,0.2076
12,26,0,0,0,3,0.2076
12,27,1,0,0,1,0.2076
12,28,0,0,0,3,0.2076
12,29,0,0,0,2,0.2076
13,0,0,0,0,0,0.2076
13,1,0,0,0,1,0.2076
13,2,0,0,0,3,0.2076
13,3,1,0,0,0,0.2076
13,4,1,0,0,1,0.2076
13,5,0,0,0,2,0.2076
13,6,0,0,0,1,0.2076
13,7,0,0,0,1,0.2076
13,8,0,0,0,2,0.2076
13,9,0,0,0,3,0.2076
13,10,0,0,0,2,0.2076
13,11,0,0,0,1,0.2076
13,12,0,0,0,2,0.2076
13,13,1,0,0,2,0.2076
13,14,0,0,0,3,0.2076
13,15,0,0,0,2,0.2076
13,16,0,0,0,2,0.2076
13,17,1,0,0,0,0.2076
13,18,0,0,0,1,0.2076
13,19,0,0,0,0,0.2076
13,20,0,0,0,1,0.2076
13,21,0,0,0,3,0.2076
13,22,1,0,0,2,0.2076
13,23,0,0,0,5,0.2076
13,24,1,0,0,2,0.2076
13,25,0,0,0,3,0.2076
13,26,0,0,0,2,0.2076
13,27,0,0,0,2,0.2076
13,28,1,0,0,0,0.2076
13,29,0,0,0,2,0.2076
14,0,0,0,0,1,0.2076
14,1,0,0,0,1,0.2076
14,2,0,0,0,4,0.2076
14,3,1,0,0,3,0.2076
14,4,0,0,0,6,0.2076
14,5,1,0,0,2,0.2076
14,6,0,0,0,1,0.2076
14,7,0,0,0,1,0.2076
14,8,1,0,0,0,0.2076
14,9,1,0,0,2,0.2076
14,10,1,0,0,0,0.2076
14,11,0,0,0,1,0.2076
14,12,0,0,0,1,0.2076
14,13,0,0,0,2,0.2076
14,14,1,0,0,0,0.2076
14,15,0,0,0,3,0.2076
14,16,1,0,0,2,0.2076
14,17,0,0,0,3,0.2076
14,18,0,0,0,2,0.2076
14,19,0,0,0,1,0.2076
14,20,0,0,0,3,0.2076
14,21,1,0,0,3,0.2076
14,22,1,0,0,0,0.2076
14,23,0,0,0,4,0.2076
14,24,1,0,0,0,0.2076
14,25,0,0,0,2,0.2076
14,26,0,0,0,1,0.2076
14,27,0,0,0,3,0.2076
14,28,0,0,0,4,0.2076
14,29,1,0,0,2,0.2076
15,0,0,0,0,1,0.2076
15,1,1,0,0,0,0.2076
15,2,0,0,0,3,0.2076
15,3,1,0,0,0,0.2076
15,4,1,0,0,2,0.2076
15,5,0,0,0,2,0.2076
15,6,0,0,0,1,0.2076
15,7,0,0,0,1,0.2076
15,8,0,0,0,2,0.2076
15,9,0,0,0,3,0.2076
15,10,0,0,0,2,0.2076
15,11,0,0,0,1,0.2076
15,12,0,0,0,0,0.2076
15,13,0,0,0,1,0.2076
15,14,0,0,0,1,0.2076
15,15,0,0,0,3,0.2076
15,16,1,0,0,0,0.2076
15,17,0,0,0,2,0.2076
15,18,0,0,0,1,0.2076
15,19,1,0,0,0,0.2076
15,20,0,0,0,3,0.2076
15,21,1,0,0,1,0.2076
15,22,0,0,0,3,0.2076
15,23,0,0,0,2,0.2076
15,24,0,0,0,1,0.2076
15,25,0,0,0,1,0.2076
15,26,0,0,0,1,0.2076
15,27,1,0,0,0,0.2076
15,28,1,0,0,1,0.2076
15,29,0,0,0,2,0.2076
